51025782
50948102
50908110
50908110
50908110
50902080
50902080
50756500
50756500
50756500
50522994
50290596
50290596
50290596
50283830
50281404
49844904
49844904
49844904
49833636
49647530
49579040
49579040
49215662
49215662
49215662
49215662
49123636
49123636
49109840
48891044
48778060
48688510
48684538
48684538
48684538
48684538
48634104
48634104
48634104
48634104
48634104
48634104
48634104
48529202
48352250
48352250
48352250
48326694
48098360
48098360
48098360
48098360
48098360
47937302
47937302
47870740
47870740
47870740
47870740
47870740
47870740
47870740
47870740
47870740
47870740
47870740
47870740
47870740
47729040
47729040
47729040
47729040
47722464
47722464
47722464
47712564
47643598
47589610
47589610
47435360
47435360
47367852
47367852
47435360
47420076
47420076
47420076
47420076
47420076
47288592
47220880
47220880
47220880
47220880
47220880
47220880
47220880
47101122
47101122
47101122
47101122
47101122
47101122
47101122
47101122
47101122
47101122
47101122
47101122
47101122
47101122
47101122
47101122
47101122
47101122
47101122
47101122
47101122
47101122
47101122
47101122
47101122
47101122
47101122
47101122
47101122
47101122
47101122
47101122
47101122
47101122
47101122
47101122
47101122
47101122
47101122
47101122
47101122
47101122
47101122
47101122
47101122
47101122
47101122
47101122
47101122
47101122
47101122
47101122
47101122
47101122
47101122
47101122
47101122
47101122
47101122
47101122
47101122
47101122
47101122
47101122
47101122
47101122
47101122
47101122
47101122
47101122
47101122
47101122
47101122
47101122
47101122
47101122
47101122
47101122
47101122
47101122
47101122
47101122
47101122
47101122
47101122
47101122
47101122
47101122
47101122
47101122
47101122
47101122
47101122
47101122
47101122
47101122
47101122
47101122
47101122
47101122
47101122
47101122
47101122
47101122
47101122
47101122
47101122
47101122
47101122
47101122
47101122
47101122
47101122
47101122
47101122
47101122
47101122
47101122
47101122
47101122
47101122
47101122
47101122
47101122
47101122
47101122
47101122
47101122
47101122
47101122
47101122
47101122
47101122
47101122
47101122
47101122
47101122
47101122
47101122
47101122
47101122
47101122
47101122
47101122
47101122
47101122
47101122
47101122
47101122
47101122
47101122
47101122
47101122
47101122
47101122
47101122
47101122
47101122
47101122
47101122
47101122
47101122
47101122
47101122
47101122
47101122
47101122
47101122
47101122
47101122
47101122
47101122
47101122
47101122
47101122
47101122
47101122
47101122
47101122
47101122
47101122
47101122
47101122
47101122
47101122
47101122
47101122
47101122
47101122
47101122
47101122
47101122
47101122
47101122
47101122
47101122
47101122
47101122
47101122
47101122
47101122
47101122
47101122
47101122
47101122
47101122
47101122
47101122
47101122
47101122
47101122
47101122
47101122
47101122
47101122
47101122
47101122
47101122
47101122
47101122
47101122
47101122
47101122
47101122
47101122
47101122
47101122
47101122
47101122
47101122
47101122
47101122
47101122
47101122
47101122
47101122
47101122
47101122
47101122
47101122
47101122
47101122
47101122
47101122
47101122
47101122
47101122
47101122
47101122
47101122
47101122
47101122
47101122
47101122
47101122
47101122
47101122
47101122
47101122
47101122
47101122
47101122
47101122
47101122
47101122
47101122
47101122
47101122
47101122
47101122
47101122
47101122
47101122
47101122
47101122
47101122
47101122
47101122
47101122
47101122
47101122
47101122
47101122
47101122
47101122
47101122
47101122
47101122
47101122
47101122
47101122
47101122
47101122
47101122
47101122
47101122
47101122
47101122
47101122
47101122
47101122
47101122
47101122
47101122
47101122
47101122
47101122
47101122
47101122
47101122
47101122
47101122
47101122
47101122
47101122
47101122
47101122
47101122
47101122
47101122
47101122
47101122
47059340
47059340
47059340
47059340
47059340
47059340
47059340
47059340
47059340
47059340
47059340
47059340
47059340
47059340
47059340
47059340
47059340
47059340
47059340
47059340
47017876
47017876
47017876
47017876
47017876
47017876
47017876
47017876
47017876
47017876
47017876
47017876
47017876
47017876
47017876
47017876
47017876
47017876
47017876
47017876
47017876
47022162
47022162
47022162
47022162
47022162
47022162
47022162
47022162
47022162
47022162
47022162
47022162
47022162
47022162
47022162
47022162
47022162
47022162
47022162
47022162
47022162
47022162
47022162
47022162
47022162
47022162
47022162
47022162
47022162
47022162
47022162
47022162
47022162
47022162
47022162
46980260
46949174
46949174
46908936
46908936
46908936
46908936
46908936
46908936
46908936
46908936
46908936
46908936
46908936
46846350
46846350
46846350
46846350
46846350
46846350
46846350
46846350
46846350
46846350
46740134
46740134
46740134
46740134
46730198
46730198
46730198
46730198
46685410
46685410
46587080
46587080
46587080
46587080
46587080
46587080
46587080
46587080
46587080
46587080
46587080
46587080
46587080
46587080
46587080
46587080
46587080
46587080
46587080
46587080
46587080
46587080
46587080
46587080
46587080
46587080
46567300
46567300
46505286
46505286
46505286
46505286
46505286
46505286
46505286
46505286
46452910
46452910
46452910
46452910
46452910
46452910
46452910
46452910
46452910
46452910
46452910
46452910
46452910
46452910
46452910
46452910
46452910
46452910
46452910
46452910
46452910
46452910
46452910
46452910
46389582
46383118
46318278
46318278
46318278
46318278
46318278
46318278
46318278
46318278
46318278
46243000
46243000
46243000
46243000
46243000
46243000
46243000
46243000
46243000
46243000
46243000
46138226
46138226
46138226
46138226
46138226
46138226
46138226
46138226
46138226
46138226
46138226
46138226
46138226
46138226
46138226
46138226
46138226
46138226
46138226
46138226
46138226
46138226
46138226
46138226
46138226
46138226
46138226
46138226
46138226
46138226
46138226
46098708
46098708
46095184
46095184
46095184
46095184
46095184
46095184
46206108
46206108
46206108
46206108
46206108
46206108
46206108
46206108
46206108
46206108
46206108
46206108
46206108
46206108
46206108
46206108
46206108
46206108
46206108
46206108
46206108
46206108
46206108
46206108
46156686
46156686
46156686
46156686
46156686
46156686
46156686
46156686
46156686
46156686
46156686
46156686
46156686
46018352
46018352
46018352
46018352
46018352
46018352
46012986
46012986
46012986
46012986
46012986
46012986
46012986
46012986
46012986
46012986
46012986
45997410
45997410
45997410
45997410
45976762
45976762
45976762
45976762
45976762
45976762
45976762
45972542
45972542
45972542
45972542
45972542
45972542
45972542
45972542
45972542
45972542
45972542
45972542
45972542
45972542
45972542
45972542
45972542
45972542
45972542
45972542
45972542
45972542
45972542
45972542
45972542
45972542
45972542
45972542
45972542
45972542
45972542
45972542
45972542
45972542
45972542
45972542
45972542
45972542
45972542
45972542
45972542
45972542
45972542
45972542
45972542
45972542
45972542
45972542
45972542
45972542
45972542
45972542
45972542
45972542
45972542
45972542
45972542
45972542
45972542
45972542
45972542
45972542
45972542
45972542
45972542
45972542
45972542
45972542
45972542
45972542
45972542
45972542
45972542
45972542
45972542
45972542
45972542
45972542
45972542
45972542
45972542
45972542
45972542
45972542
45972542
45972542
45972542
45972542
45972542
45972542
45972542
45972542
45972542
45972542
45972542
45972542
45972542
45972542
45972542
45972542
45972542
45972542
45972542
45972542
45972542
45972542
45972542
45972542
45972542
45972542
45972542
45972542
45972542
45972542
45972542
45972542
45972542
45972542
45972542
45972542
45972542
45972542
45972542
45972542
45972542
45972542
45972542
45972542
45972542
45972542
45972542
45972542
45972542
45972542
45972542
45972542
45972542
45972542
45972542
45972542
45972542
45972542
45972542
45972542
45972542
45972542
45972542
45972542
45972542
45972542
45972542
45972542
45782290
45782290
45782290
45782290
45782290
45782290
45782290
45782290
45782290
45782290
45782290
45782290
45782290
45779010
45779010
45777138
45777138
45777138
45777138
45759380
45759380
45759380
45759380
45759380
45759380
45759380
45759380
45759380
45759380
45759380
45759380
45759380
45759380
45759380
45759380
45759380
45759380
45759380
45759380
45759380
45759380
45759380
45759380
45759380
45759380
45759380
45759380
45759380
45759380
45759380
45759380
45759380
45759380
45759380
45759380
45759380
45759380
45759380
45759380
45759380
45759380
45759380
45759380
45759380
45759380
45759380
45759380
45759380
45759380
45759380
45759380
45759380
45759380
45759380
45759380
45759380
45759380
45759380
45759380
45759380
45759380
45759380
45759380
45759380
45759380
45759380
45759380
45759380
45759380
45759380
45759380
45759380
45759380
45759380
45759380
45759380
45759380
45759380
45759380
45759380
45759380
45759380
45755216
45755216
45755216
45755216
45755216
45755216
45755216
45755216
45755216
45755216
45755216
45755216
45755216
45755216
45755216
45755216
45755216
45755216
45755216
45755216
45755216
45755216
45755216
45755216
45755216
45755216
45755216
45755216
45755216
45755216
45755216
45755216
45755216
45755216
45755216
45755216
45755216
45755216
45755216
45755216
45755216
45755216
45755216
45755216
45755216
45755216
45755216
45755216
45755216
45755216
45755216
45755216
45755216
45755216
45755216
45755216
45755216
45755216
45755216
45755216
45755216
45755216
45755216
45755216
45755216
45755216
45755216
45755216
45755216
45755216
45755216
45755216
45755216
45755216
45755216
45755216
45755216
45755216
45755216
45755216
45755216
45755216
45755216
45755216
45755216
45755216
45755216
45755216
45755216
45755216
45755216
45755216
45755216
45755216
45755216
45755216
45755216
45755216
45755216
45755216
45755216
45755216
45755216
45755216
45755216
45755216
45755216
45755216
45755216
45755216
45755216
45755216
45755216
45755216
45755216
45755216
45755216
45755216
45755216
45755216
45755216
45755216
45755216
45755216
45755216
45755216
45755216
45755216
45755216
45755216
45755216
45755216
45755216
45755216
45755216
45755216
45755216
45755216
45755216
45755216
45755216
45755216
45755216
45755216
45755216
45755216
45755216
45755216
45755216
45755216
45755216
45755216
45755216
45755216
45755216
45755216
45755216
45755216
45755216
45755216
45755216
45755216
45755216
45755216
45755216
45755216
45755216
45755216
45755216
45755216
45755216
45755216
45755216
45755216
45755216
45755216
45755216
45755216
45755216
45755216
45755216
45755216
45755216
45755216
45755216
45755216
45755216
45755216
45755216
45755216
45755216
45755216
45755216
45755216
45755216
45755216
45755216
45755216
45755216
45755216
45755216
45755216
45755216
45755216
45755216
45755216
45755216
45755216
45755216
45755216
45755216
45755216
45755216
45755216
45755216
45755216
45755216
45755216
45755216
45755216
45755216
45740364
45740364
45740364
45740364
45740364
45740364
45740364
45740364
45740364
45740364
45740364
45740364
45740364
45740364
45740364
45740364
45740364
45740364
45740364
45740364
45740364
45740364
45740364
45740364
45740364
45740364
45740364
45740364
45740364
45740364
45740364
45740364
45740364
45740364
45740364
45740364
45740364
45740364
45740364
45740364
45740364
45740364
45740364
45740364
45740364
45740364
45740364
45740364
45740364
45740364
45740364
45740364
45740364
45740364
45740364
45856074
45856074
45856074
45856074
45856074
45856074
45856074
45856074
45856074
45856074
45856074
45856074
45856074
45856074
45856074
45856074
45856074
45856074
45856074
45856074
45856074
45856074
45856074
45856074
45856074
45856074
45856074
45856074
45856074
45856074
45856074
45856074
45856074
45856074
45856074
45856074
45856074
45856074
45856074
45856074
45856074
45856074
45856074
45856074
45856074
45856074
45856074
45856074
45856074
45856074
45856074
45856074
45856074
45856074
45856074
45856074
45752564
45752564
45752564
45752564
45752564
45752564
45752564
45752564
45752564
45752564
45752564
45752564
45752564
45752564
45752564
45752564
45752564
45752564
45752564
45752564
45752564
45752564
45752564
45752564
45752564
45752564
45752564
45752564
45752564
45752564
45752564
45752564
45752564
45752564
45752564
45752564
45752564
45752564
45752564
45752564
45752564
45752564
45752564
45752564
45752564
45752564
45752564
45752564
45752564
45752564
45752564
45752564
45752564
45752564
45752564
45752564
45752564
45752564
45752564
45752564
45752564
45752564
45752564
45752564
45752564
45752564
45752564
45752564
45752564
45752564
45752564
45752564
45752564
45752564
45752564
45752564
45752564
45752564
45752564
45752564
45752564
45752564
45752564
45752564
45752564
45752564
45752564
45752564
45752564
45752564
45752564
45752564
45752564
45752564
45752564
45752564
45752564
45752564
45752564
45752564
45752564
45752564
45752564
45752564
45752564
45752564
45752564
45752564
45752564
45752564
45752564
45752564
45752564
45752564
45752564
45752564
45752564
45752564
45752564
45752564
45752564
45752564
45752564
45752564
45752564
45752564
45752564
45752564
45752564
45752564
45752564
45752564
45701532
45701532
45701532
45701532
45701532
45701532
45701532
45701532
45701532
45701532
45701532
45701532
45701532
45701532
45701532
45701532
45701532
45701532
45701532
45701532
45701532
45701532
45701532
45701532
45701532
45701532
45701532
45701532
45701532
45694740
45694740
45694740
45694740
45694740
45694740
45694740
45694740
45694740
45694740
45694740
45694740
45694740
45694740
45694740
45694740
45694740
45694740
45694740
45694740
45694740
45694740
45694740
45694740
45694740
45694740
45694740
45694740
45694740
45694740
45694740
45694740
45694740
45694740
45694740
45694740
45694740
45694740
45694740
45694740
45694740
45694740
45694740
45694740
45694740
45694740
45694740
45694740
45694740
45694740
45694740
45694740
45694740
45694740
45694740
45694740
45694740
45694740
45694740
45694740
45694740
45694740
45694740
45694740
45694740
45694740
45694740
45694740
45694740
45694740
45694740
45694740
45694740
45694740
45694740
45694740
45694740
45694740
45694740
45694740
45694740
45694740
45694740
45694740
45694740
45694740
45694740
45694740
45694740
45694740
45694740
45694740
45694740
45694740
45694740
45694740
45694740
45694740
45694740
45694740
45694740
45694740
45694740
45694740
45694740
45694740
45694740
45694740
45694740
45694740
45694740
45694740
45694740
45694740
45694740
45694740
45694740
45694740
45694740
45694740
45694740
45694740
45694740
45694740
45694740
45694740
45694740
45694740
45694740
45694740
45694740
45694740
45694740
45694740
45694740
45694740
45694740
45694740
45694740
45694740
45694740
45694740
45694740
45694740
45694740
45694740
45694740
45694740
45694740
45694740
45694740
45694740
45694740
45694740
45694740
45694740
45691686
45691686
45691686
45691686
45691686
45691686
45691686
45691686
45691686
45691686
45691686
45691686
45691686
45691686
45691686
45691686
45691686
45691686
45691686
45691686
45691686
45691686
45691686
45691686
45691686
45691686
45691686
45691686
45691686
45691686
45691686
45691686
45691686
45691686
45691686
45691686
45691686
45691686
45691686
45691686
45691686
45691686
45691686
45691686
45691686
45691686
45691686
45691686
45691686
45691686
45691686
45691686
45691686
45691686
45691686
45691686
45691686
45691686
45691686
45691686
45691686
45691686
45691686
45691686
45691686
45691686
45691686
45691686
45691686
45691686
45691686
45691686
45691686
45691686
45691686
45691686
45691686
45691686
45691686
45691686
45691686
45691686
45691686
45691686
45691686
45691686
45691686
45691686
45691686
45691686
45691686
45691686
45691686
45691686
45691686
45691686
45691686
45691686
45691686
45691686
45691686
45691686
45691686
45691686
45691686
45691686
45691686
45691686
45691686
45691686
45691686
45691686
45691686
45691686
45691686
45691686
45691686
45691686
45691686
45691686
45691686
45691686
45691686
45691686
45691686
45691686
45691686
45691686
45691686
45691686
45691686
45691686
45691686
45691686
45691686
45691686
45691686
45691686
45691686
45691686
45691686
45691686
45691686
45691686
45691686
45691686
45691686
45691686
45691686
45691686
45691686
45691686
45691686
45691686
45691686
45691686
45691686
45691686
45691686
45691686
45691686
45691686
45691686
45691686
45691686
45691686
45691686
45691686
45691686
45691686
45691686
45691686
45691686
45691686
45691686
45691686
45691686
45691686
45691686
45691686
45691686
45691686
45691686
45691686
45691686
45691686
45691686
45691686
45691686
45691686
45691686
45691686
45691686
45691686
45691686
45691686
45691686
45691686
45691686
45691686
45685054
45685054
45685054
45685054
45685054
45685054
45685054
45685054
45685054
45685054
45685054
45685054
45685054
45685054
45685054
45685054
45685054
45685054
45685054
45685054
45685054
45685054
45685054
45685054
45685054
45685054
45685054
45685054
45685054
45685054
45685054
45685054
45685054
45685054
45685054
45685054
45685054
45685054
45685054
45685054
45685054
45685054
45685054
45685054
45685054
45685054
45685054
45685054
45685054
45685054
45685054
45685054
45685054
45685054
45685054
45685054
45685054
45685054
45685054
45685054
45685054
45685054
45685054
45685054
45685054
45685054
45685054
45685054
45685054
45685054
45685054
45685054
45685054
45685054
45685054
45685054
45685054
45685054
45685054
45685054
45685054
45685054
45685054
45685054
45685054
45685054
45685054
45685054
45685054
45685054
45685054
45685054
45685054
45685054
45685054
45685054
45685054
45685054
45685054
45685054
45685054
45685054
45685054
45685054
45685054
45685054
45685054
45685054
45685054
45685054
45685054
45685054
45685054
45685054
45685054
45685054
45685054
45685054
45685054
45685054
45660866
45660866
45660866
45660866
45660866
45660866
45660866
45660866
45660866
45660866
45660866
45660866
45660866
45660866
45660866
45660866
45617458
45617458
45617458
45617458
45617458
45617458
45617458
45617458
45617458
45617458
45617458
45617458
45617458
45617458
45617458
45617458
45617458
45617458
45617458
45617458
45617458
45617458
45617458
45617458
45617458
45617458
45617458
45617458
45617458
45617458
45617458
45617458
45617458
45617458
45617458
45617458
45617458
45617458
45617458
45617458
45617458
45617458
45617458
45617458
45617458
Segundos empleados: 233.27
