51387568
51372024
51372024
51050304
50813256
50813256
50405518
50405518
50350708
50350708
50088114
50088114
50033976
50033976
49945518
49945518
49888482
49860980
49643008
49529674
49176508
49176508
49176508
49176508
49039646
49039646
49039646
49002072
48988406
48859840
48836354
48816868
48816868
48816868
48720792
48720792
48700844
48700844
48684032
48684032
48582198
48404820
48279314
48154190
48114028
48076082
48076082
47964350
47943618
47943618
47921722
47921722
47884426
47830912
47733138
47733138
47619010
47619010
47619010
47619010
47551568
47551568
47551568
47505818
47265562
47265562
47265562
47265562
47265562
47265562
47265562
47234204
47186354
47186354
47182868
47156110
47156110
47156110
47128964
47114162
47114162
47095744
47062734
47057532
47057532
47057532
46986976
46986976
46986976
46986976
46986976
46986976
46986976
46981934
46981934
46904726
46904726
46904726
46904726
46904726
46904726
46904726
46894064
46894064
46894064
46894064
46894064
46894064
46894064
46894064
46894064
46872284
46872284
46872284
46872284
46872284
46872284
46872284
46872284
46872284
46852714
46843764
46843764
46826480
46823538
46753516
46753516
46753516
46753516
46753516
46753516
46741622
46741622
46741622
46741622
46662684
46662684
46662684
46662684
46662684
46662684
46662684
46662684
46648704
46648704
46648704
46648704
46648704
46648704
46648704
46648704
46648704
46648704
46648704
46648704
46593998
46593998
46593998
46593998
46593998
46593998
46593998
46525762
46525762
46525762
46525762
46525762
46525762
46525762
46525762
46525762
46525762
46525762
46525762
46512008
46512008
46511692
46488442
46434356
46434356
46385608
46385608
46365766
46365766
46365766
46365766
46322076
46322076
46322076
46322076
46322076
46322076
46322076
46322076
46322076
46322076
46322076
46322076
46322076
46322076
46322076
46322076
46322076
46322076
46322076
46322076
46322076
46322076
46322076
46322076
46322076
46322076
46322076
46322076
46322076
46322076
46322076
46322076
46322076
46322076
46309232
46298896
46298896
46298896
46181312
46181312
46181312
46181312
46181312
46181312
46181312
46181312
46181312
46181312
46150486
46150486
46150486
46150486
46150486
46150486
46150486
46140688
46140688
46140688
46140688
46140688
46140688
46140688
46124890
46124890
46122468
46122468
46122468
46110996
46110996
46110996
46086386
46086386
46086386
46086386
46086386
46086386
46086386
46086386
46086386
46086386
46086386
46086386
46086386
46086386
46086386
46086386
46086386
46086386
46086386
46086386
46086386
46086386
46086386
46086386
46086386
46086386
46086386
46086386
46086386
46086386
46086386
46086386
46086386
46086386
46086386
46075740
46075740
46075740
46075740
46075740
46075740
46075740
46075740
46075740
46075740
46075740
46075740
46075740
46075740
46075740
46075740
46034072
46034072
46034072
46034072
46034072
46034072
46034072
46034072
46034072
46034072
46034072
46034072
46034072
46034072
46034072
46034072
46034072
46034072
46034072
46034072
45999882
45999882
45999882
45999882
45999882
45999882
45999882
45999882
45978130
45978130
45978130
45978130
45978130
45978130
45978130
45956744
45956744
45956744
45956744
45918972
45918972
45918972
45918972
45918972
45918972
45918972
45918972
45918972
45918972
45918972
45918972
45918972
45918972
45918972
45918972
45918972
45918972
45918972
45918972
45918972
45918972
45918972
45918972
45918972
45918972
45918972
45918972
45879566
45879566
45798812
45798812
45798812
45798812
45798812
45798812
45793178
45793178
45765210
45765210
45765210
45765210
45765210
45765210
45765210
45765210
45765210
45765210
45765210
45765210
45765210
45765210
45765210
45756336
45756336
45695372
45695372
45695372
45695372
45695372
45695372
45695372
45695372
45695372
45695372
45695372
45695372
45695372
45695372
45695372
45695372
45695372
45695372
45695372
45695372
45695372
45695372
45695372
45695372
45695372
45695372
45695372
45695372
45695372
45695372
45695372
45695372
45695372
45695372
45695372
45695372
45695372
45695372
45695372
45695372
45695372
45695372
45695372
45695372
45695372
45695372
45695372
45695372
45695372
45695372
45695372
45695372
45695372
45695372
45695372
45695372
45695372
45695372
45695372
45695372
45695372
45695372
45695372
45695372
45695372
45695372
45695372
45695372
45695372
45695372
45695372
45695372
45695372
45695372
45695372
45684432
45684432
45684432
45684432
45684432
45684432
45684432
45684432
45684432
45684432
45684432
45684432
45684432
45684432
45684432
45684432
45684432
45684432
45684432
45684432
45684432
45684432
45684432
45684432
45684432
45684432
45684432
45684432
45684432
45684432
45684432
45684432
45684432
45684432
45684432
45684432
45684432
45684432
45684432
45684432
45684432
45684432
45684432
45684432
45684432
45684432
45684432
45684432
45684432
45684432
45684432
45684432
45684432
45684432
45684432
45684432
45684432
45684432
45684432
45684432
45684432
45684432
45684432
45684432
45684432
45684432
45684432
45684432
45684432
45684432
45684432
45684432
45684432
45684432
45684432
45684432
45684432
45684432
45684432
45684432
45684432
45684432
45684432
45684432
45684432
45684432
45684432
45684432
45684432
45684432
45684432
45684432
45684432
45684432
45684432
45684432
45684432
45684432
45684432
45684432
45684432
45684432
45684432
45681696
45681696
45681696
45681696
45681696
45681696
45681696
45681696
45681696
45681696
45681696
45681696
45681696
45681696
45681696
45681696
45681696
45681696
45681696
45681696
45681696
45681696
45681696
45681696
45681696
45681696
45681696
45681696
45681696
45681696
45681696
45681696
45681696
45681696
45681696
45681696
45681696
45681696
45681696
45681696
45681696
45681696
45681696
45681696
45681696
45681696
45681696
45681696
45681696
45681696
45669388
45669388
45669388
45669388
45669388
45669388
45669388
45669388
45669388
45669388
45667812
45667812
45667812
45667812
45667812
45667812
45667812
45667812
45667812
45667812
45667812
45667812
45667812
45667812
45667812
45667812
45667812
45667812
45667812
45667812
45667812
45667812
45667812
45667812
45667812
45667812
45667812
45667812
45667812
45667812
45667812
45667812
45667812
45667812
45667812
45667812
45667812
45667812
45667812
45667812
45667812
45667812
45667812
45667812
45667812
45667812
45667812
45667812
45667812
45667812
45667812
45667812
45667812
45667812
45667812
45647376
45647376
45647376
45647376
45647376
45647376
45647376
45647376
45647376
45647376
45647376
45647376
45647376
45647376
45647376
45647376
45647376
45647376
45647376
45647376
45647376
45647376
45647376
45647376
45647376
45647376
45647376
45647376
45647376
45647376
45647376
45647376
45647376
45647376
45647376
45647376
45647376
45647376
45647376
45647376
45647376
45647376
45647376
45647376
45647376
45647376
45647376
45647376
45647376
45647376
45647376
45647376
45647376
45647376
45647376
45647376
45647376
45647376
45647376
45647376
45606566
45606566
45606566
45606566
45606566
45606566
45606566
45606566
45606566
45606566
45548476
45548476
45548476
45548476
45548476
45548476
45548476
45548476
45548476
45548476
45548476
45548476
45548476
45548476
45548476
45548476
45548476
45548476
45548476
45548476
45548476
45548476
45548476
45548476
45548476
45548476
45548476
45548476
45548476
45548476
45548476
45548476
45548476
45548476
45548476
45548476
45548476
45548476
45548476
45548476
45548476
45548476
45548476
45548476
45548476
45548476
45548476
45548476
45548476
45548476
45548476
45548476
45548476
45548476
45548476
45548476
45548476
45548476
45548476
45548476
45548476
45548476
45548476
45548476
45548476
45548476
45548476
45548476
45548476
45548476
45548476
45548476
45545856
45545856
45545856
45545856
45545856
45545856
45545856
45545856
45545856
45545856
45545856
45545856
45545856
45545856
45545856
45545856
45545856
45545856
45545856
45545856
45545856
45545856
45545856
45545856
45545856
45545856
45545856
45545856
45545856
45525820
45525820
45525820
45525820
45525820
45525820
45525820
45525820
45525820
45525820
45525820
45525820
45525820
45525820
45525820
45525820
45525160
45525160
45525160
45525160
45525160
45525160
45525160
45525160
45525160
45525160
45525160
45525160
45525160
45525160
45525160
45525160
45525160
45525160
45525160
45525160
45525160
45525160
45525160
45525160
45525160
45525160
45525160
45525160
45525160
45525160
45525160
45525160
45525160
45525160
45525160
45525160
45525160
45525160
45525160
45525160
45525160
45525160
45525160
45525160
45525160
45525160
45525160
45525160
45525160
45525160
45525160
45525160
45525160
45525160
45525160
45525160
45525160
45525160
45525160
45525160
45525160
45525160
45525160
45525160
45525160
45525160
45525160
45525160
45525160
45525160
45525160
45525160
45525160
45525160
45525160
45525160
45525160
45525160
45525160
45525160
45525160
45525160
45525160
45525160
45525160
45525160
45525160
45525160
45525160
45525160
45525160
45525160
45525160
45525160
45525160
45525160
45525160
45525160
45525160
45525160
45525160
45525160
45525160
45525160
45525160
45525160
45525160
45525160
45525160
45525160
45525160
45525160
45525160
45525160
45525160
45525160
45525160
45525160
45525160
45525160
45525160
45525160
45525160
45525160
45525160
45525160
45525160
45525160
45525160
45525160
45525160
45525160
45525160
45525160
45525160
45525160
45525160
45525160
45525160
45525160
45525160
45525160
45525160
45525160
45525160
45525160
45525160
45525160
45525160
45525160
45525160
45525160
45525160
45525160
45525160
45494672
45494672
45494672
45494672
45494672
45494672
45494672
45494672
45494672
45494672
45494672
45494672
45494672
45494672
45494672
45494672
45494672
45494672
45494672
45494672
45494672
45494672
45494672
45494672
45494672
45494672
45494672
45494672
45494672
45494672
45494672
45494672
45494672
45494672
45494672
45494672
45494672
45494672
45494672
45494672
45494672
45494672
45494672
45494672
45494672
45494672
45494672
45494672
45494672
45494672
45494672
45494672
45494672
45494672
45494672
45494672
45494672
45494672
45494672
45494672
45494672
45494672
45494672
45494672
45494672
45494672
45494672
45494672
45494672
45494672
45494672
45494672
45494672
45494672
45494672
45494672
45494672
45494672
45494672
45494672
45494672
45494672
45494672
45494672
45494672
45494672
45494672
45494672
45494672
45494672
45494672
45494672
45494672
45494672
45494672
45494672
45494672
45494672
45494672
45494672
45494672
45494672
45494672
45494672
45494672
45494672
45494672
45494672
45494672
45494672
45494672
45494672
45494672
45494672
45494672
45494672
45494672
45494672
45494672
45494672
45494672
45494672
45494672
45480400
45480400
45480400
45480400
45480400
45480400
45480400
45480400
45480400
45480400
45480400
45480400
45480400
45480400
45480400
45480400
45480400
45480400
45480400
45480400
45480400
45480400
45480400
45480400
45480400
45480400
45480400
45480400
45480400
45480400
45480400
45480400
45480400
45480400
45480400
45480400
45480400
45480400
45480400
45480400
45480400
45480400
45480400
45480400
45480400
45480400
45480400
45480400
45480400
45480400
45480400
45480400
45480400
45480400
45480400
45480400
45480400
45480400
45480400
45480400
45480400
45480400
45480400
45480400
45480400
45480400
45448090
45448090
45448090
45448090
45448090
45448090
45448090
45448090
45444836
45444836
45444836
45444836
45444836
45444836
45444836
45444836
45444836
45444836
45444836
45444836
45444836
45444836
45444836
45444836
45444836
45444836
45444836
45444836
45444836
45444836
45444836
45444836
45444836
45444836
45444836
45444836
45444836
45444836
45444836
45444836
45444836
45444836
45444836
45444836
45444836
45444836
45444836
45444836
45444836
45444836
45444836
45444836
45444836
45444836
45444836
45444836
45444836
45444836
45444836
45444836
45444836
45444836
45444836
45444836
45444836
45444836
45444836
45444836
45444836
45444836
45444836
45444836
45444836
45444836
45444836
45444836
45444836
45444836
45444836
45444836
45444836
45444836
45444836
45444836
45444836
45444836
45444836
45444836
45444836
45444836
45444836
45444836
45444836
45444836
45444836
45444836
45444836
45444836
45444836
45444836
45444836
45444836
45444836
45444836
45444836
45444836
45444836
45444836
45444836
45444836
45444836
45380852
45380852
45380852
45380852
45380852
45380852
45380852
45380852
45380852
45380852
45380852
45380852
45380852
45380852
45380852
45380852
45380852
45380852
45380852
45380852
45380852
45380852
45380852
45380852
45380852
45380852
45380852
45380852
45380852
45380852
45380852
45380852
45380852
45380852
45380852
45365086
45365086
45365086
45365086
45365086
45365086
45365086
45365086
45365086
45365086
45365086
45365086
45365086
45365086
45365086
45365086
45365086
45365086
45365086
45365086
45365086
45365086
45365086
45365086
45365086
45365086
45365086
45365086
45365086
45365086
45365086
45365086
45365086
45365086
45365086
45365086
45365086
45365086
45365086
45365086
45365086
45365086
45365086
45365086
45365086
45365086
45365086
45365086
45365086
45365086
45365086
45365086
45365086
45365086
45365086
45365086
45365086
45365086
45365086
45365086
45365086
45365086
45365086
45365086
45365086
45365086
45365086
45365086
45365086
45365086
45365086
45365086
45365086
45365086
45365086
45365086
45365086
45365086
45365086
45365086
45365086
45365086
45365086
45365086
45365086
45365086
45365086
45365086
45365086
45365086
45365086
45365086
45365086
45365086
45365086
45365086
45365086
45365086
45365086
45365086
45365086
45365086
45365086
45365086
45365086
45365086
45365086
45365086
45365086
45365086
45365086
45365086
45365086
45365086
45365086
45365086
45365086
45365086
45365086
45365086
45365086
45365086
45365086
45365086
45365086
45365086
45365086
45364322
45364322
45364322
45364322
45364322
45364322
45364322
45364322
45364322
45364322
45364322
45364322
45364322
45364322
45364322
45364322
45348882
45348882
45348882
45348882
45348882
45348882
45348882
45348882
45348882
45348882
45348882
45348882
45348882
45348882
45348882
45348882
45348882
45348882
45348882
45348882
45348882
45348882
45348882
45348882
45348882
45348882
45348882
45348882
45348882
45348882
45348882
45348882
45348882
45348882
45348882
45348882
45348882
45348882
45348882
45348882
45348882
45348882
45348882
45348882
45348882
45348882
45348882
45348882
45348882
45348882
45348882
45348882
45348882
45348882
45348882
45348882
45348882
45348882
45348882
45348882
45348882
45348882
45348882
45348882
45348882
45348882
45348882
45348882
45348882
45348882
45348882
45348882
45348882
45348882
45348882
45348882
45348882
45348882
45348882
45348882
45348882
45348882
45348882
45348882
45348882
45329266
45329266
45329266
45329266
45329266
45329266
45329266
45329266
45329266
45329266
45329266
45329266
45329266
45329266
45329266
45329266
45329266
45329266
45329266
45329266
45329266
45329266
45329266
45329266
45329266
45329266
45329266
45329266
45329266
45329266
45329266
45329266
45329266
45329266
45329266
45329266
45300146
45300146
45300146
45300146
45300146
45300146
45300146
45300146
45300146
45300146
45300146
45300146
45300146
45300146
45300146
45300146
45300146
45300146
45300146
45300146
45300146
45300146
45300146
45300146
45300146
45300146
45300146
45300146
45300146
45300146
45300146
45300146
45300146
45300146
45300146
45300146
45300146
45300146
45300146
45300146
45300146
45300146
45300146
45300146
45300146
45300146
45300146
45300146
45300146
45300146
45300146
45300146
45300146
45300146
45300146
45300146
45300146
45300146
45300146
45300146
45300146
45300146
45300146
45300146
45300146
45300146
45300146
45300146
45300146
45300146
45300146
45300146
45300146
45300146
45300146
45300146
45300146
45300146
45300146
45300146
45300146
45300146
45300146
45300146
45300146
45300146
45300146
45300146
45300146
45300146
45300146
45300146
45300146
45300146
45300146
45300146
45300146
45300146
45300146
45300146
45300146
45300146
45300146
45300146
45300146
45300146
45300146
45300146
45300146
45300146
45300146
45300146
45300146
45300146
45300146
45300146
45300146
45300146
45300146
45300146
45300146
45300146
45300146
45300146
45300146
45300146
45300146
45300146
45300146
45300146
45300146
45300146
45300146
45300146
45300146
45300146
45300146
45300146
45300146
45300146
45300146
45300146
45300146
45300146
45300146
45300146
45300146
45300146
45300146
45300146
45300146
45300146
45300146
45300146
45300146
45300146
45300146
45300146
45300146
45300146
45300146
45300146
45300146
45300146
45300146
45300146
45300146
45300146
45300146
45300146
45300146
45300146
45300146
45300146
45300146
45300146
45300146
45300146
45300146
45300146
45300146
45300146
45300146
45300146
45300146
45300146
45272770
45272770
45272770
45272770
45272770
45272770
45272770
45272770
45272770
45272770
45272770
45272770
45272770
45272770
45272770
45272770
45272770
45272770
45272770
45272770
45272770
45272770
45272770
45272770
45272770
45272770
45272770
45272770
45272770
45272770
45272770
45272770
45272770
45272770
45272770
45272770
45272770
45272770
45272770
45272770
45272770
45272770
45272770
45272770
45272770
45272770
45272770
45272770
45272770
45272770
45272770
45272770
45272770
45272770
45272770
45272770
45272770
45272770
45272770
45272770
45272770
45272770
45272770
45272770
45272770
45272770
45272770
45272770
45272770
45272770
45272770
45272770
45272770
45272770
45272770
45272770
45272770
45272770
45272770
45272770
45272770
45272770
45272770
45272770
45272770
45272770
45272770
45272770
45272770
45272770
45272770
45272770
45272770
45272770
45272770
45272770
45272770
45272770
45272770
45272770
45272770
45272770
45272770
45272770
45272770
45272770
45272770
45272770
45272770
45272770
45272770
45272770
45272770
45272770
45272770
45272770
45272770
45269474
45269474
45269474
45269474
45269474
45269474
45269474
45269474
45269474
45269474
45269474
45269474
45269474
45269474
45269474
45269474
45269474
45269474
45269474
45269474
45269474
45269474
45269474
45269474
45269474
45269474
45269474
45269474
45269474
45269474
45269474
45269474
45269474
45269474
45269474
45269474
45269474
45269474
45269474
45269474
45269474
45269474
45269474
45269474
45269474
45269474
45269474
45269474
45269474
45269474
45269474
45269474
45269474
45269474
45269474
45269474
45269474
45269474
45269474
45269474
45269474
45269474
Segundos empleados: 91.6559
