23657008
23657008
23548122
23548122
23548122
23548122
23548122
23548122
23548122
23548122
23516284
23516284
23503716
23503716
23484004
23484004
23484004
23484004
23484004
23484004
23484004
23484004
23484004
23484004
23484004
23484004
23484004
23484004
23484004
23484004
23484004
23484004
23484004
23484004
23484004
23484004
23484004
23484004
23484004
23484004
23484004
23484004
23484004
23484004
23484004
23484004
23484004
23477920
23477920
23477920
23477920
23477920
23477920
23477920
23477920
23477920
23477920
23477920
23477920
23477920
23441978
23441978
23441978
23441978
23441978
23441978
23441978
23441978
23418470
23418470
23347764
23347764
23347764
23347764
23347764
23347764
23347764
23347764
23347764
23347764
23347764
23347764
23347764
23347764
23347764
23347764
23347764
23347764
23347764
23347764
23347764
23347764
23347764
23347764
23347764
23347764
23347764
23347764
23347764
23347764
23347764
23347764
23347764
23347764
23347764
23347764
23347764
23347764
23347764
23347764
23347764
23347764
23347764
23347764
23347764
23347764
23347764
23347764
23347764
23347764
23347764
23347764
23347764
23347764
23347764
23347764
23347764
23347764
23347764
23347764
23347764
23347764
23347764
23347764
23347764
23347764
23347764
23347764
23347764
23347764
23347764
23347764
23347764
23347764
23347764
23347764
23347764
23347764
23347764
23347764
23347764
23347764
23347764
23347764
23347764
23347764
23347764
23347764
23347764
23347764
23347764
23347764
23347764
23347764
23347764
23347764
23347764
23347764
23347764
23347764
23347764
23347764
23347764
23347764
23347764
23347764
23347764
23347764
23347764
23347764
23347764
23347764
23347764
23347764
23347764
23347764
23347764
23347764
23347764
23347764
23347764
23347764
23347764
23347764
23347764
23347764
23347764
23347764
23347764
23347764
23347764
23347764
23347764
23347764
23347764
23347764
23347764
23347764
23347764
23347764
23347764
23347764
23347764
23347764
23347764
23347764
23347764
23347764
23347764
23347764
23347764
23347764
23347764
23347764
23347764
23347764
23347764
23347764
23347764
23347764
23347764
23347764
23347764
23347764
23347764
23347764
23347764
23347764
23347764
23347764
23347764
23347764
23347764
23347764
23347764
23347764
23347764
23347764
23347764
23347764
23347764
23347764
23347764
23347764
23347764
23347764
23347764
23347764
23347764
23347764
23347764
23347764
23347764
23347764
23347764
23347764
23347764
23347764
23347764
23347764
23347764
23347764
23347764
23347764
23347764
23347764
23347764
23347764
23347764
23347764
23347764
23347764
23347764
23347764
23347764
23347764
23347764
23347764
23347764
23347764
23347764
23347764
23347764
23347764
23347764
23347764
23347764
23347764
23347764
23347764
23347764
23347764
23347764
23347764
23347764
23347764
23347764
23347764
23347764
23347764
23347764
23347764
23347764
23347764
23347764
23347764
23347764
23347764
23347764
23347764
23347764
23347764
23347764
23347764
23347764
23347764
23347764
23347764
23347764
23347764
23347764
23347764
23347764
23347764
23347764
23347764
23347764
23347764
23347764
23347764
23347764
23347764
23347764
23347764
23347764
23347764
23347764
23347764
23347764
23347764
23347764
23347764
23347764
23347764
23347764
23347764
23347764
23347764
23347764
23347764
23347764
23347764
23347764
23347764
23347764
23347764
23347764
23347764
23347764
23347764
23347764
23347764
23347764
23347764
23347764
23347764
23347764
23347764
23347764
23347764
23347764
23347764
23347764
23347764
23347764
23347764
23347764
23347764
23347764
23347764
23347764
23347764
23347764
23347764
23347764
23347764
23347764
23347764
23347764
23347764
23347764
23347764
23347764
23347764
23347764
23347764
23347764
23347764
23347764
23347764
23347764
23347764
23347764
23347764
23347764
23347764
23347764
23347764
23347764
23347764
23347764
23347764
23347764
23347764
23347764
23347764
23347764
23347764
23347764
23347764
23347764
23347764
23347764
23347764
23347764
23347764
23347764
23347764
23347764
23347764
23347764
23347764
23347764
23347764
23347764
23347764
23347764
23347764
23347764
23347764
23347764
23347764
23347764
23347764
23347764
23347764
23347764
23347764
23347764
23347764
23347764
23347764
23347764
23347764
23347764
23347764
23347764
23347764
23347764
23347764
23347764
23347764
23347764
23347764
23347764
23347764
23347764
23347764
23347764
23347764
23347764
23347764
23347764
23347764
23347764
23347764
23347764
23347764
23347764
23347764
23347764
23347764
23347764
23347764
23347764
23347764
23347764
23347764
23347764
23347764
Segundos empleados: 2.763
