50301526
50301526
50301526
50301526
50301526
50301526
50301526
50301526
50301526
50301526
50301526
50130350
50006178
50006178
49801374
49676868
49676868
49676868
49676868
49676868
49597534
49597534
49597534
49597534
49496510
49496510
49496510
49414330
49414330
49210592
49210592
48979882
48979882
48979882
48979882
48979882
48979882
48979882
48979882
48979882
48979882
48979882
48979882
48979882
48979882
48979882
48979882
48979882
48979882
48979882
48979882
48876480
48721216
48721216
48721216
48721216
48721216
48721216
48721216
48721216
48635516
48635516
48635516
48635516
48635516
48635516
48635516
48635516
48635516
48604372
48604372
48604372
48604372
48604372
48604372
48563980
48563980
48563980
48563980
48535896
48488952
48464954
48464954
48384996
48280376
48280376
48280376
48280376
48253228
48253228
48253228
48253228
48253228
48253228
48134136
48134136
48134136
48134136
48026168
48026168
48026168
48026168
48026168
48026168
48026168
47956602
47956602
47877162
47877162
47877162
47877162
47877162
47864448
47864448
47780864
47780864
47780864
47780864
47780864
47780864
47780864
47780864
47780864
47780864
47780864
47780864
47780864
47780864
47780864
47780864
47780864
47780864
47780864
47780864
47780864
47780864
47701816
47701816
47701816
47701816
47698820
47698820
47698820
47698820
47698820
47698820
47698820
47698820
47592756
47592756
47592756
47592756
47592756
47592756
47564708
47564708
47564708
47564708
47564708
47564708
47564708
47564708
47564708
47564708
47564708
47564708
47545944
47545944
47545944
47545944
47545944
47545944
47545944
47545944
47513136
47513136
47513136
47513136
47442108
47442108
47442108
47442108
47442108
47442108
47433032
47379670
47363990
47363990
47363990
47363990
47363990
47363990
47363990
47363990
47363990
47363990
47363990
47363990
47363990
47363990
47363990
47363990
47363990
47363990
47363990
47363990
47363990
47363990
47363990
47363990
47363990
47363990
47363990
47363990
47363990
47363990
47363990
47363990
47363990
47363990
47363990
47363990
47363990
47363990
47363990
47363990
47363990
47363990
47363990
47363990
47363990
47363990
47363990
47363990
47363990
47363990
47363990
47363990
47363990
47363990
47363990
47363990
47363990
47363990
47363990
47363990
47363990
47363990
47363990
47363990
47363990
47363990
47363990
47363990
47363990
47363990
47363990
47363990
47363990
47363990
47363990
47363990
47363990
47297122
47297122
47297122
47297122
47297122
47281726
47281726
47281726
47265268
47265268
47169676
47169676
47169676
47169676
47169676
47169676
47169676
47169676
47169676
47169676
47169676
47169676
47140932
47140932
47140932
47140932
47140932
47140932
47140932
47140932
47140932
47140932
47140932
47140932
47140932
47107230
47107230
47107230
47107230
47107230
47107230
47107230
47107230
47107230
47107230
47107230
47107230
47107230
47107230
47107230
47107230
47107230
47107230
47107230
47107230
47107230
47107230
47015944
47015944
47015944
47015944
47015944
47015944
47015944
47015944
47001136
47001136
47001136
47001136
47001136
47001136
47001136
47001136
47001136
47001136
47001136
47001136
47001136
47001136
47001136
47001136
47001136
47001136
47001136
47001136
47001136
47001136
47001136
47001136
47001136
47001136
47001136
47001136
47001136
47001136
46919854
46919854
46850018
46850018
46850018
46850018
46850018
46850018
46850018
46850018
46850018
46850018
46850018
46850018
46850018
46850018
46850018
46850018
46850018
46850018
46850018
46850018
46850018
46850018
46850018
46850018
46850018
46830436
46830436
46830436
46830436
46819528
46819528
46819528
46819528
46819528
46819528
46819528
46819528
46819528
46819528
46819528
46819528
46819528
46819528
46819528
46819528
46819528
46819528
46819528
46819528
46819528
46819528
46819528
46819528
46819528
46819528
46819528
46819528
46819528
46819528
46819528
46819528
46819528
46819528
46819528
46819528
46819528
46819528
46819528
46819528
46819528
46819528
46819528
46819528
46748492
46748492
46748492
46748492
46748492
46748492
46748492
46748492
46748492
46748492
46748492
46748492
46748492
46748492
46748492
46748492
46748492
46748492
46748492
46748492
46748492
46748492
46748492
46748492
46748492
46748492
46748492
46748492
46748492
46748492
46748492
46748492
46748492
46748492
46748492
46748492
46748492
46748492
46748492
46748492
46748492
46748492
46748492
46748492
46748492
46748492
46748492
46748492
46748492
46748492
46748492
46748492
46748492
46748492
46748492
46748492
46748492
46748492
46748492
46748492
46748492
46748492
46748492
46748492
46748492
46748492
46748492
46748492
46748492
46748492
46748492
46748492
46748492
46748492
46748492
46748492
46748492
46748492
46748492
46748492
46748492
46748492
46748492
46748492
46748492
46748492
46748492
46748492
46748492
46748492
46748492
46748492
46727496
46702798
46702798
46702798
46702798
46702798
46702798
46702798
46702798
46702798
46702798
46702798
46702798
46702798
46702798
46702798
46702798
46702798
46688454
46683864
46683864
46683864
46683864
46683864
46683864
46683864
46683864
46683864
46683864
46683864
46683864
46683864
46683864
46683864
46683864
46683864
46683864
46683864
46683864
46683864
46683864
46683864
46683864
46683864
46683864
46683864
46683864
46683864
46683864
46683864
46683864
46683864
46683864
46683864
46683864
46683864
46683864
46683864
46683864
46683864
46683864
46683864
46683864
46683864
46683864
46683864
46678194
46678194
46678194
46678194
46678194
46678194
46678194
46678194
46678194
46678194
46678194
46678194
46678194
46678194
46678194
46678194
46678194
46678194
46678194
46678194
46678194
46678194
46678194
46678194
46492192
46492192
46492192
46492192
46492192
46492192
46492192
46492192
46492192
46492192
46492192
46492192
46492192
46492192
46492192
46492192
46492192
46492192
46492192
46492192
46492192
46492192
46492192
46492192
46492192
46492192
46492192
46492192
46492192
46492192
46492192
46492192
46492192
46492192
46492192
46492192
46492192
46492192
46492192
46492192
46492192
46492192
46492192
46492192
46492192
46425114
46425114
46425114
46425114
46425114
46425114
46425114
46425114
46425114
46425114
46425114
46425114
46425114
46425114
46425114
46425114
46425114
46425114
46425114
46425114
46425114
46425114
46425114
46425114
46425114
46425114
46425114
46425114
46425114
46425114
46425114
46425114
46425114
46425114
46425114
46425114
46425114
46425114
46382630
46382630
46382630
46382630
46382630
46382630
46382630
46382630
46382630
46382630
46382630
46382630
46382630
46382630
46382630
46382630
46382630
46382630
46382630
46382630
46382630
46382630
46382630
46382630
46382630
46382630
46382630
46382630
46382630
46382630
46382630
46382630
46382630
46382630
46382630
46382630
46382630
46382630
46382630
46382630
46382630
46382630
46382630
46382630
46382630
46382630
46382630
46382630
46382630
46382630
46382630
46382630
46382630
46382630
46382630
46382630
46380292
46380292
46380292
46380292
46380292
46380292
46380292
46380292
46380292
46380292
46380292
46380292
46380292
46380292
46380292
46380292
46380292
46380292
46380292
46380292
46380292
46380292
46380292
46380292
46380292
46380292
46380292
46380292
46380292
46380292
46380292
46380292
46380292
46380292
46380292
46380292
46380292
46380292
46380292
46380292
46380292
46380292
46380292
46380292
46380292
46380292
46380292
46380292
46380292
46380292
46380292
46380292
46380292
46380292
46380292
46380292
46380292
46380292
46380292
46380292
46380292
46380292
46380292
46380292
46380292
46380292
46380292
46380292
46380292
46380292
46380292
46380292
46380292
46380292
46380292
46380292
46380292
46380292
46380292
46380292
46380292
46380292
46380292
46380292
46380292
46380292
46380292
46380292
46380292
46380292
46380292
46380292
46380292
46380292
46380292
46380292
46380292
46380292
46380292
46380292
46380292
46380292
46380292
46380292
46380292
46380292
46380292
46380292
46380292
46380292
46380292
46380292
46380292
46380292
46380292
46380292
46380292
46380292
46380292
46380292
46380292
46380292
46380292
46380292
46380292
46380292
46380292
46380292
46380292
46380292
46380292
46380292
46380292
46380292
46380292
46380292
46380292
46380292
46380292
46380292
46380292
46380292
46380292
46380292
46380292
46380292
46380292
46380292
46380292
46380292
46380292
46380292
46380292
46380292
46380292
46380292
46380292
46380292
46380292
46380292
46380292
46380292
46380292
46380292
46380292
46380292
46380292
46380292
46380292
46380292
46380292
46380292
46380292
46380292
46380292
46380292
46380292
46380292
46380292
46380292
46380292
46380292
46380292
46380292
46380292
46380292
46380292
46380292
46380292
46380292
46380292
46380292
46380292
46380292
46380292
46380292
46380292
46380292
46380292
46380292
46380292
46380292
46380292
46380292
46380292
46380292
46380292
46380292
46380292
46380292
46380292
46380292
46380292
46380292
46380292
46380292
46380292
46380292
46380292
46380292
46380292
46380292
46380292
46380292
46380292
46380292
46380292
46380292
46380292
46380292
46380292
46380292
46380292
46380292
46380292
46380292
46380292
46380292
46380292
46380292
46380292
46380292
46380292
46380292
46380292
46380292
46380292
46380292
46380292
46380292
46380292
46380292
46380292
46380292
46380292
46380292
46380292
46380292
46364418
46364418
46364418
46364418
46364418
46270308
46270308
46270308
46270308
46270308
46270308
46270308
46270308
46270308
46270308
46270308
46270308
46270308
46270308
46270308
46270308
46270308
46270308
46270308
46270308
46270308
46270308
46270308
46270308
46270308
46270308
46270308
46270308
46270308
46270308
46270308
46270308
46270308
46270308
46270308
46270308
46270308
46270308
46270308
46270308
46270308
46270308
46270308
46270308
46270308
46270308
46270308
46270308
46270308
46270308
46270308
46270308
46270308
46270308
46270308
46270308
46270308
46270308
46270308
46270308
46270308
46270308
46270308
46270308
46270308
46270308
46270308
46270308
46270308
46270308
46270308
46270308
46270308
46270308
46270308
46270308
46270308
46270308
46270308
46270308
46270308
46270308
46270308
46270308
46270308
46270308
46270308
46270308
46270308
46270308
46270308
46270308
46270308
46270308
46270308
46270308
46270308
46270308
46270308
46270308
46270308
46270308
46270308
46270308
46270308
46270308
46270308
46270308
46270308
46270308
46270308
46270308
46241960
46241960
46241960
46241960
46241960
46241960
46241960
46241960
46241960
46241960
46241960
46241960
46241960
46241960
46241960
46241960
46241960
46241960
46241960
46241960
46241960
46241960
46241960
46241960
46241960
46241960
46241960
46241960
46241960
46241960
46241960
46241960
46241960
46241960
46241960
46241960
46241960
46241960
46241960
46241960
46241960
46241960
46241960
46241960
46241960
46241960
46241960
46241960
46241960
46241960
46241960
46241960
46241960
46241960
46241960
46241960
46241960
46241960
46241960
46241960
46241960
46241960
46241960
46241960
46241960
46241960
46241960
46241960
46241960
46241960
46241960
46241960
46241960
46241960
46241960
46241960
46241960
46241960
46241960
46241960
46241960
46241960
46241960
46241960
46241960
46241960
46241960
46241960
46241960
46241960
46241960
46241960
46241960
46241960
46241960
46241960
46241960
46241960
46241960
46241960
46241960
46241960
46241960
46241960
46241960
46241960
46241960
46241960
46241960
46241960
46241960
46241960
46241960
46241960
46241960
46241960
46241960
46241960
46241960
46241960
46241960
46241960
46241960
46241960
46241960
46241960
46241960
46241960
46241960
46241960
46241960
46241960
46241960
46241960
46241960
46241960
46241960
46241960
46241960
46241960
46241960
46241960
46241960
46241960
46241960
46241960
46241960
46241960
46241960
46241960
46241960
46241960
46241960
46241960
46241960
46241960
46241960
46241960
46241960
46241960
46241960
46241960
46241960
46241960
46241960
46241960
46241960
46241960
46241960
46241960
46241960
46241960
46241960
46241960
46241960
46241960
46241960
46241960
46241960
46241960
46241960
46241960
46241960
46241960
46241960
46241960
46241960
46241960
46241960
46241960
46241960
46241960
46241960
46241960
46241960
46241960
46241960
46241960
46241960
46241960
46241960
46241960
46241960
46241960
46241960
46241960
46241960
46241960
46241960
46241960
46241960
46241960
46241960
46241960
46241960
46241960
46241960
46241960
46241960
46241960
46241960
46241960
46241960
46241960
46241960
46241960
46241960
46241960
46241960
46241960
46241960
46241960
46209908
46209908
46209908
46209908
46209908
46209908
46209908
46209908
46209908
46209908
46209908
46209908
46209908
46209908
46209908
46209908
46209908
46209908
46209908
46209908
46209908
46209908
46209908
46209908
46209908
46209908
46209908
46209908
46209908
46209908
46209908
46209908
46209908
46209908
46209908
46209908
46209908
46209908
46209908
46209908
46209908
46209908
46209908
46209908
46209908
46209908
46209908
46209908
46209908
46209908
46209908
46209908
46209908
46209908
46209908
46209908
46209908
46209908
46209908
46209908
46209908
46209908
46209908
46209908
46209908
46209908
46209908
46209908
46209908
46209908
46209908
46209908
46209908
46209908
46209908
46209908
46209908
46209908
46209908
46209908
46209908
46209908
46209908
46209908
46209908
46209908
46209908
46209908
46209908
46209908
46209908
46209908
46209908
46209908
46209908
46209908
46209908
46209908
46209908
46209908
46209908
46209908
46209908
46209908
46208100
46208100
46208100
46208100
46208100
46173380
46173380
46173380
46173380
46173380
46173380
46173380
46173380
46173380
46173380
46173380
46117180
46117180
46117180
46117180
46117180
46117180
46117180
46117180
46117180
46117180
46117180
46117180
46117180
46117180
46117180
46117180
46117180
46117180
46117180
46117180
46117180
46072148
46072148
46072148
46072148
46072148
46072148
46072148
46072148
46072148
46072148
46072148
46072148
46072148
46072148
46072148
46072148
46072148
46072148
46072148
46072148
46060116
46060116
46060116
46060116
46060116
46060116
46060116
46060116
46060116
46060116
46060116
46060116
46060116
46060116
46060116
46060116
46060116
46060116
46060116
46060116
46060116
46060116
46060116
46060116
46060116
46060116
46060116
46060116
46060116
46060116
46060116
46060116
46060116
46060116
46060116
46060116
46060116
46060116
46060116
46060116
46060116
46060116
46060116
46060116
46060116
46060116
46060116
46060116
46060116
46060116
46060116
46060116
46060116
46060116
46060116
46060116
46060116
46060116
46060116
46060116
46060116
46060116
46060116
46060116
46060116
46060116
46060116
46060116
46060116
46060116
46060116
46060116
46060116
46060116
46060116
46060116
46060116
46060116
46060116
46060116
46060116
46060116
46060116
46060116
46060116
46060116
46060116
46060116
46060116
46060116
46060116
46060116
46060116
46060116
46060116
46060116
46060116
46060116
46060116
46060116
46060116
46060116
46060116
46060116
46060116
46060116
46060116
46060116
46060116
46060116
46060116
46060116
46060116
46060116
46060116
46060116
46060116
46060116
46060116
46060116
46060116
46060116
46060116
46060116
46060116
46060116
46060116
46060116
46060116
46060116
46060116
46060116
46060116
46060116
46060116
46060116
46060116
46060116
46060116
46060116
46060116
46060116
46060116
46060116
46060116
46060116
46060116
46060116
46060116
46060116
46060116
46060116
46060116
46060116
46060116
46060116
46060116
46060116
46060116
46060116
46060116
46060116
46060116
46060116
46060116
46060116
46060116
46060116
46060116
46060116
46060116
46060116
46060116
46060116
46060116
46060116
46060116
46060116
46060116
46060116
46060116
46060116
46060116
46060116
46060116
46060116
46060116
46060116
46060116
46060116
46060116
46060116
46060116
46060116
46060116
46060116
46060116
46060116
46060116
46060116
46060116
46060116
46060116
46060116
46060116
46060116
46060116
46060116
46060116
46060116
46060116
46060116
46060116
46060116
46060116
46060116
46060116
46060116
46060116
46060116
46060116
46060116
46060116
46060116
46060116
46060116
46060116
46060116
46060116
46060116
46060116
46060116
46060116
46060116
46060116
46060116
46060116
46060116
46060116
46060116
46060116
46060116
46060116
46060116
46060116
46060116
46060116
46060116
46060116
46060116
46060116
46060116
46058294
46058294
46058294
46058294
46058294
46058294
46058294
46058294
46058294
46058294
46058294
46058294
46058294
46058294
46058294
46058294
46058294
46058294
46058294
46058294
46058294
46058294
46058294
46058294
46058294
46058294
46058294
46058294
46058294
46058294
46058294
46058294
46058294
46058294
46058294
46058294
46058294
46058294
46058294
46058294
46058294
46058294
46058294
46058294
46058294
46058294
46058294
46058294
46058294
46058294
46058294
46058294
46058294
46058294
46058294
46058294
46058294
46058294
46058294
46058294
46058294
46058294
46058294
46058294
46058294
46058294
46058294
46009852
46009852
46009852
46009852
46009852
46009852
46009852
46009852
46009852
46009852
46009852
46009852
46009852
46009852
46009852
46009852
46009852
46009852
46009852
46009852
45959986
45959986
45959986
45959986
45959986
45959986
45959986
45959986
45959986
45959986
45959986
45959986
45959986
45959986
45959986
45959986
45959986
45959986
45959986
45959986
45959986
45959986
45959986
45959986
45959986
45959986
45959986
45959986
45959986
45959986
45959986
45959986
45959986
45959986
45959986
45959986
45959986
45959986
45959986
45959986
45959986
45959986
45959986
45959986
45959986
45959986
45959986
45959986
45959986
45959986
45959986
45959986
45959986
45959986
45959986
45959986
45959986
45959986
45959986
45959986
45959986
45959986
45959986
45959986
45959986
45959986
45959986
45959986
45959986
45959986
45959986
45959986
45907200
45907200
45907200
45907200
45907200
45907200
45907200
45871014
45871014
45871014
45871014
45871014
45823640
45823640
45823640
45823640
45823640
45823640
45823640
45823640
45823640
45823640
45823640
45823640
45823640
45823640
45823640
45823640
45823640
45823640
45823640
45823640
45823640
45823640
45823640
45823640
45823640
45823640
45823640
45823640
45823640
45823640
45823640
45823640
45823640
45823640
45823640
45716578
45716578
45716578
45716578
45716578
45716578
45716578
45716578
45716578
45716578
45716578
45716578
45716578
45716578
45716578
45716578
45716578
45716578
45716578
45716578
Segundos empleados: 89.524
