49946898
49946898
49946898
49946898
49946898
49946898
49537202
49537202
49484836
49474356
49459202
49339404
49339404
49260340
49260340
49141380
48990614
48980830
48841784
48841784
48841784
48841784
48841784
48836672
48836672
48741484
48741484
48607152
48607152
48368512
48368512
48368512
48368512
48368512
48368512
48358010
48247660
48121348
48121348
47916018
47718774
47718774
47718774
47718774
47718774
47718774
47694642
47694642
47694642
47683904
47676650
47676650
47676650
47676650
47676650
47676650
47624184
47624184
47624184
47624184
47476498
47446202
47427294
47409450
47409450
47393554
47393554
47261698
47261698
47261698
47261698
47261698
47261698
47107492
47107492
47107492
47107492
47107492
47100492
47100492
47086370
47039432
47039432
46979618
46979618
46979618
46979618
46977688
46963390
46963390
46963390
46953200
46953200
46953200
46953200
46953200
46896390
46896390
46896390
46896390
46896390
46896390
46896390
46896390
46896390
46896390
46896390
46896390
46896390
46896390
46896390
46896390
46896390
46896390
46896390
46896390
46896390
46896390
46896390
46896390
46896390
46896390
46896390
46896390
46896390
46896390
46896390
46896390
46896390
46896390
46896390
46896390
46896390
46896390
46896390
46896390
46896390
46896390
46896390
46896390
46896390
46896390
46896390
46896390
46896390
46896390
46896390
46896390
46896390
46896390
46896390
46896390
46896390
46896390
46896390
46896390
46896390
46896390
46896390
46896390
46896390
46896390
46896390
46896390
46896390
46896390
46896390
46896390
46896390
46896390
46896390
46896390
46896390
46896390
46896390
46896390
46896390
46896390
46896390
46896390
46896390
46896390
46896390
46896390
46896390
46896390
46896390
46896390
46896390
46896390
46896390
46896390
46896390
46896390
46896390
46896390
46896390
46896390
46896390
46896390
46896390
46896390
46896390
46896390
46896390
46896390
46896390
46896390
46896390
46896390
46896390
46896390
46896390
46896390
46896390
46896390
46896390
46896390
46896390
46896390
46896390
46896390
46896390
46896390
46896390
46896390
46896390
46896390
46896390
46896390
46896390
46896390
46896390
46896390
46896390
46896390
46896390
46896390
46896390
46896390
46896390
46896390
46896390
46896390
46896390
46896390
46896390
46896390
46896390
46896390
46896390
46896390
46896390
46896390
46896390
46896390
46896390
46896390
46896390
46896390
46896390
46896390
46896390
46896390
46896390
46896390
46896390
46896390
46896390
46896390
46896390
46896390
46896390
46896390
46896390
46896390
46896390
46896390
46896390
46896390
46896390
46896390
46896390
46896390
46896390
46896390
46896390
46896390
46896390
46896390
46896390
46896390
46896390
46896390
46896390
46896390
46896390
46896390
46896390
46896390
46896390
46896390
46896390
46896390
46896390
46896390
46896390
46896390
46896390
46896390
46896390
46896390
46896390
46896390
46896390
46896390
46896390
46896390
46896390
46896390
46896390
46896390
46896390
46896390
46896390
46896390
46896390
46896390
46896390
46896390
46896390
46896390
46896390
46896390
46896390
46896390
46896390
46896390
46896390
46896390
46896390
46896390
46896390
46896390
46896390
46896390
46896390
46896390
46896390
46896390
46896390
46896390
46896390
46896390
46896390
46896390
46896390
46896390
46896390
46896390
46896390
46896390
46896390
46896390
46896390
46896390
46896390
46896390
46896390
46896390
46896390
46896390
46896390
46896390
46896390
46896390
46896390
46896390
46896390
46896390
46896390
46896390
46896390
46896390
46896390
46896390
46896390
46896390
46896390
46896390
46896390
46896390
46896390
46896390
46896390
46896390
46896390
46896390
46896390
46896390
46896390
46896390
46896390
46896390
46896390
46896390
46896390
46896390
46896390
46896390
46896390
46896390
46896390
46896390
46896390
46896390
46896390
46896390
46896390
46896390
46896390
46896390
46896390
46896390
46896390
46896390
46896390
46896390
46896390
46896390
46896390
46896390
46896390
46896390
46896390
46896390
46896390
46896390
46896390
46896390
46896390
46896390
46896390
46896390
46896390
46896390
46896390
46896390
46896390
46896390
46896390
46896390
46896390
46896390
46896390
46896390
46896390
46896390
46896390
46896390
46896390
46896390
46896390
46896390
46896390
46896390
46896390
46896390
46896390
46896390
46896390
46896390
46896390
46896390
46896390
46896390
46896390
46896390
46896390
46896390
46896390
46896390
46896390
46896390
46896390
46896390
46896390
46896390
46896390
46896390
46896390
46896390
46896390
46896390
46896390
46896390
46896390
46896390
46896390
46896390
46896390
46896390
46896390
46896390
46896390
46896390
46896390
46896390
46896390
46896390
46896390
46896390
46896390
46896390
46896390
46896390
46896390
46896390
46896390
46896390
46896390
46896390
46896390
46896390
46896390
46896390
46896390
46896390
46896390
46896390
46896390
46896390
46896390
46896390
46896390
46896390
46896390
46896390
46896390
46896390
46896390
46896390
46896390
46896390
46896390
46896390
46896390
46896390
46896390
46896390
46896390
46896390
46896390
46896390
46896390
46896390
46896390
46896390
46896390
46896390
46896390
46896390
46896390
46896390
46896390
46896390
46896390
46896390
46896390
46896390
46896390
46896390
46896390
46896390
46896390
46896390
46896390
46896390
46896390
46896390
46896390
46896390
46896390
46896390
46896390
46896390
46896390
46896390
46896390
46896390
46896390
46896390
46896390
46896390
46896390
46896390
46896390
46896390
46896390
46896390
46896390
46896390
46896390
46896390
46896390
46896390
46896390
46896390
46896390
46896390
46896390
46896390
46896390
46896390
46896390
46896390
46896390
46896390
46896390
46896390
46896390
46896390
46896390
46896390
46896390
46896390
46896390
46896390
46896390
46896390
46896390
46896390
46896390
46896390
46896390
46896390
46896390
46896390
46896390
46896390
46896390
46896390
46896390
46896390
46896390
46896390
46896390
46896390
46896390
46896390
46896390
46896390
46896390
46896390
46896390
46896390
46896390
46896390
46896390
46896390
46896390
46896390
46896390
46896390
46896390
46896390
46896390
46896390
46896390
46896390
46896390
46896390
46896390
46896390
46896390
46896390
46896390
46896390
46896390
46896390
46896390
46896390
46896390
46896390
46896390
46896390
46896390
46896390
46896390
46896390
46896390
46896390
46896390
46896390
46896390
46896390
46896390
46896390
46896390
46896390
46896390
46896390
46896390
46896390
46896390
46896390
46896390
46896390
46896390
46896390
46896390
46896390
46896390
46896390
46896390
46896390
46896390
46896390
46896390
46896390
46896390
46896390
46896390
46896390
46896390
46896390
46896390
46896390
46896390
46896390
46896390
46896390
46896390
46896390
46896390
46896390
46896390
46896390
46896390
46896390
46896390
46896390
46896390
46896390
46896390
46896390
46896390
46896390
46896390
46896390
46896390
46896390
46896390
46896390
46896390
46896390
46896390
46896390
46896390
46896390
46896390
46896390
46896390
46896390
46896390
46896390
46896390
46896390
46896390
46896390
46896390
46896390
46896390
46896390
46896390
46896390
46896390
46896390
46896390
46896390
46896390
46896390
46896390
46896390
46896390
46896390
46896390
46896390
46896390
46896390
46896390
46896390
46896390
46896390
46896390
46896390
46896390
46896390
46896390
46896390
46896390
46896390
46896390
46896390
46896390
46896390
46896390
46896390
46896390
46896390
46896390
46896390
46896390
46896390
46896390
46896390
46896390
46896390
46896390
46896390
46896390
46896390
46896390
46896390
46896390
46896390
46896390
46896390
46896390
46896390
46896390
46896390
46896390
46896390
46896390
46896390
46896390
46896390
46896390
46896390
46896390
46896390
46896390
46896390
46896390
46896390
46896390
46896390
46896390
46896390
46896390
46896390
46896390
46896390
46896390
46896390
46896390
46896390
46896390
46896390
46896390
46896390
46896390
46896390
46896390
46896390
46896390
46896390
46896390
46896390
46896390
46896390
46896390
46896390
46896390
46896390
46896390
46896390
46896390
46896390
46896390
46896390
46896390
46896390
46896390
46896390
46896390
46896390
46896390
46896390
46896390
46896390
46896390
46896390
46896390
46896390
46896390
46896390
46896390
46896390
46896390
46896390
46896390
46896390
46896390
46896390
46896390
46896390
46896390
46896390
46896390
46896390
46896390
46896390
46896390
46896390
46896390
46896390
46896390
46896390
46896390
46896390
46896390
46896390
46896390
46896390
46896390
46896390
46896390
46896390
46896390
46896390
46896390
46896390
46896390
46896390
46896390
46896390
46896390
46896390
46896390
46896390
46896390
46896390
46896390
46896390
46896390
46896390
46896390
46896390
46896390
46896390
46896390
46896390
46896390
46896390
46896390
46896390
46896390
46896390
46896390
46896390
46896390
46896390
46896390
46896390
46896390
46896390
46896390
46896390
46896390
46896390
46896390
46896390
46896390
46896390
46896390
46896390
46896390
46896390
46896390
46896390
46896390
46896390
46896390
46896390
46896390
46896390
46896390
46896390
46896390
46896390
46896390
46896390
46896390
46896390
46896390
46896390
46896390
46896390
46896390
46896390
46896390
46896390
46896390
46896390
46896390
46896390
46896390
46896390
46896390
46896390
46896390
46896390
46896390
46896390
46896390
46896390
46896390
46896390
46896390
46896390
46896390
46896390
46896390
46896390
46896390
46896390
46896390
46896390
46896390
46896390
46896390
46896390
46896390
46896390
46896390
46896390
46896390
46896390
46896390
46896390
46896390
46896390
46896390
46896390
46896390
46896390
46896390
46896390
46896390
46896390
46896390
46896390
46896390
46896390
46896390
46896390
46896390
46896390
46896390
46896390
46896390
46896390
46896390
46896390
46896390
46896390
46896390
46896390
46896390
46896390
46896390
46896390
46896390
46896390
46896390
46896390
46896390
46896390
46896390
46896390
46896390
46896390
46896390
46896390
46896390
46896390
46896390
46896390
46896390
46896390
46896390
46896390
46896390
46896390
46896390
46896390
46896390
46896390
46896390
46896390
46896390
46896390
46896390
46896390
46896390
46896390
46896390
46896390
46896390
46896390
46896390
46896390
46896390
46896390
46896390
46896390
46896390
46896390
46896390
46896390
46896390
46896390
46896390
46896390
46896390
46896390
46896390
46896390
46896390
46896390
46896390
46896390
46896390
46896390
46896390
46896390
46896390
46896390
46896390
46896390
46896390
46896390
46896390
46896390
46896390
46896390
46896390
46896390
46896390
46896390
46896390
46896390
46896390
46896390
46896390
46896390
46896390
46896390
46896390
46896390
46896390
46896390
46896390
46896390
46896390
46896390
46896390
46896390
46896390
46896390
46896390
46896390
46896390
46896390
46896390
46896390
46896390
46896390
46896390
46896390
46896390
46896390
46896390
46896390
46896390
46896390
46896390
46896390
46896390
46896390
46896390
46896390
46896390
46896390
46896390
46896390
46896390
46896390
46896390
46896390
46896390
46896390
46896390
46896390
46896390
46896390
46896390
46896390
46896390
46896390
46896390
46896390
46896390
46896390
46896390
46896390
46896390
46896390
46896390
46896390
46896390
46896390
46896390
46896390
46896390
46896390
46896390
46896390
46896390
46896390
46896390
46896390
46896390
46896390
46896390
46896390
46896390
46896390
46896390
46896390
46896390
46896390
46896390
46896390
46896390
46896390
46896390
46896390
46896390
46896390
46896390
46896390
46896390
46896390
46896390
46896390
46896390
46896390
46896390
46896390
46896390
46896390
46896390
46896390
46896390
46896390
46896390
46896390
46896390
46896390
46896390
46896390
46896390
46896390
46896390
46896390
46896390
46896390
46896390
46896390
46896390
46896390
46896390
46896390
46896390
46896390
46896390
46896390
46896390
46896390
46896390
46896390
46896390
46896390
46896390
46896390
46896390
46896390
46896390
46896390
46896390
46896390
46896390
46896390
46896390
46896390
46896390
46896390
46896390
46896390
46896390
46896390
46896390
46896390
46896390
46896390
46896390
46896390
46896390
46896390
46896390
46896390
46896390
46896390
46896390
46896390
46896390
46896390
46896390
46896390
46896390
46896390
46896390
46896390
46896390
46896390
46896390
46896390
46896390
46896390
46896390
46896390
46896390
46896390
46896390
46896390
46896390
46896390
46896390
46896390
46896390
46896390
46896390
46896390
46896390
46896390
46896390
46896390
46896390
46896390
46896390
46896390
46896390
46896390
46896390
46896390
46896390
46896390
46896390
46896390
46896390
46896390
46896390
46896390
46896390
46896390
46896390
46896390
46896390
46896390
46896390
46896390
46896390
46896390
46896390
46896390
46896390
46896390
46896390
46896390
46896390
46896390
46896390
46896390
46896390
46896390
46896390
46896390
46896390
46896390
46896390
46896390
46896390
46896390
46896390
46896390
46896390
46896390
46896390
46896390
46896390
46896390
46896390
46896390
46896390
46896390
46896390
46896390
46896390
46896390
46896390
46896390
46896390
46896390
46896390
46896390
46896390
46896390
46896390
46896390
46896390
46896390
46896390
46896390
46896390
46896390
46896390
46896390
46896390
46896390
46896390
46896390
46896390
46896390
46896390
46896390
46896390
46896390
46896390
46896390
46896390
46896390
46896390
46896390
46896390
46896390
46896390
46896390
46896390
46896390
46896390
46896390
46896390
46896390
46896390
46896390
46896390
46896390
46896390
46896390
46896390
46896390
46896390
46896390
46896390
46896390
46896390
46896390
46896390
46896390
46896390
46896390
46896390
46896390
46896390
46896390
46896390
46896390
46896390
46896390
46896390
46896390
46896390
46896390
46896390
46896390
46896390
46896390
46896390
46896390
46896390
46896390
46896390
46896390
46896390
46896390
46896390
46896390
46896390
46896390
46896390
46896390
46896390
46896390
46896390
46896390
46896390
46896390
46896390
46896390
46896390
46896390
46896390
46896390
46896390
46896390
46896390
46896390
46896390
46896390
46896390
46896390
46896390
46896390
46896390
46896390
46896390
46896390
46896390
46896390
46896390
46896390
46896390
46896390
46896390
46896390
46896390
46896390
46896390
46896390
46896390
46896390
46896390
46896390
46896390
46896390
46896390
46896390
46896390
46896390
46896390
46896390
46896390
46896390
46896390
46896390
46896390
46896390
46896390
46896390
46896390
46896390
46896390
46896390
46896390
46896390
46896390
46896390
46896390
46896390
46896390
46896390
46896390
46896390
46896390
46896390
46896390
46896390
46896390
46896390
46896390
46896390
46896390
46896390
46896390
46896390
46896390
46896390
46896390
46896390
46896390
46896390
46896390
46896390
46896390
46896390
46896390
46896390
46896390
46896390
46896390
46896390
46896390
46896390
46896390
46896390
46896390
46896390
46896390
46896390
46896390
46896390
46896390
46896390
46896390
46896390
46896390
46896390
46896390
46896390
46896390
46896390
46896390
46896390
46896390
46896390
46896390
46896390
46896390
46896390
46896390
46896390
46896390
46896390
46896390
46896390
46896390
46896390
46896390
46896390
46896390
46896390
46896390
46896390
46896390
46896390
46896390
46896390
46896390
46896390
46896390
46896390
46896390
46896390
46896390
46896390
46896390
46896390
46896390
46896390
46896390
46896390
46896390
46896390
46896390
46896390
46896390
46896390
46896390
46896390
46896390
46896390
46896390
46896390
46896390
46896390
46896390
46896390
46896390
46896390
46896390
46896390
46896390
46896390
46896390
46896390
46896390
46896390
46896390
46896390
46896390
46896390
46896390
46896390
46896390
46896390
46896390
46896390
46896390
46896390
46896390
46896390
46896390
46896390
46896390
46896390
46896390
46896390
46896390
46896390
46896390
46896390
46896390
46896390
46896390
46896390
46896390
46896390
46896390
46896390
46896390
46896390
46896390
46896390
46896390
46896390
46896390
46896390
46896390
46896390
46896390
46896390
46896390
46896390
46896390
46896390
46896390
46896390
46896390
46896390
46896390
46896390
46896390
46896390
46896390
46896390
46896390
46896390
46896390
46896390
46896390
46896390
46896390
46896390
46896390
46896390
46896390
46896390
46896390
46896390
46896390
46896390
46896390
46896390
46896390
46896390
46896390
46896390
46896390
46896390
46896390
46896390
46896390
46896390
46896390
46896390
46896390
46896390
46896390
46896390
46896390
46896390
46896390
46896390
46896390
46896390
46896390
46896390
46896390
46896390
46896390
46896390
46896390
46896390
46896390
46896390
46896390
46896390
46896390
46896390
46896390
46896390
46896390
46896390
46896390
46896390
46896390
46896390
46896390
46896390
46896390
46896390
46896390
46896390
46896390
46896390
46896390
46896390
46896390
46896390
46896390
46896390
46896390
46896390
46896390
46896390
46896390
46896390
46896390
46896390
46896390
46896390
46896390
46896390
46896390
46896390
46896390
46896390
46896390
46896390
46896390
46896390
46896390
46896390
46896390
46896390
46896390
46896390
46896390
46896390
46896390
46896390
46896390
46896390
46896390
46896390
46896390
46896390
46896390
46896390
46896390
46896390
46896390
46896390
46896390
46896390
46896390
46896390
46896390
46896390
46896390
46896390
46896390
46896390
46896390
46896390
46896390
46896390
46896390
46896390
46896390
46896390
46896390
46896390
46896390
46896390
46896390
46896390
46896390
46896390
46896390
46896390
46896390
46896390
46896390
46896390
46896390
46896390
46896390
46896390
46896390
46896390
46896390
46896390
46896390
46896390
46896390
46896390
46896390
46896390
46896390
46896390
46896390
46896390
46896390
46896390
46896390
46896390
46896390
46896390
46896390
46896390
46896390
46896390
46896390
46896390
46896390
46896390
46896390
46896390
46896390
46896390
46896390
46896390
46896390
46896390
46896390
46896390
46896390
46896390
46896390
46896390
46896390
46896390
46896390
46896390
46896390
46896390
46896390
46896390
46896390
46896390
46896390
46896390
46896390
46896390
46896390
46896390
46896390
46896390
46896390
46896390
46896390
46896390
46896390
46896390
46896390
46896390
46896390
46896390
46896390
46896390
46896390
46896390
46896390
46896390
46896390
46896390
46896390
46896390
46896390
46896390
46896390
46896390
46896390
46896390
46896390
46896390
Segundos empleados: 120.075
