51152112
51128874
50836230
50836230
50669368
50348270
50348270
50135900
50018728
49858140
49858140
49858140
49858140
49841174
49607400
49508028
49410900
49410900
49410900
49410900
49410900
49410900
49410900
49410900
49410900
49272234
49272234
49272234
49224902
49221166
49202836
49187954
49158882
49158882
49158882
49043666
49043666
49043666
49043666
49043666
49043666
49043666
49043666
49043666
49043666
49043666
49043666
49043666
49037540
49016404
49016404
49016404
49000192
48875180
48780028
48780028
48780028
48780028
48614560
48614560
48614560
48614560
48614560
48614560
48614560
48614560
48614560
48614560
48612522
48415210
48415210
48234428
48234428
48118078
48118078
48022216
48022216
47881342
47881342
47881342
47881342
47881342
47881342
47881342
47881342
47881342
47881342
47881342
47881342
47881342
47881342
47881342
47881342
47881342
47881342
47881342
47881342
47819576
47671506
47671506
47671506
47621128
47621128
47621128
47621128
47621128
47621128
47621128
47621128
47621128
47621128
47621128
47621128
47593314
47561072
47549472
47510154
47415946
47415946
47415946
47415946
47415946
47387018
47308458
47308458
47308458
47261996
47261996
47261996
47261996
47261996
47136594
47136594
47136594
47136594
47136594
47054728
47054728
47054728
47054728
47054728
47054728
47054728
47054728
47000020
47000020
47000020
47000020
47000020
47000020
47000020
47000020
47000020
47000020
47000020
47000020
47000020
47000020
47000020
47000020
47000020
47000020
47000020
47000020
47000020
47000020
46926830
46926830
46926830
46926830
46926830
46926830
46926830
46926830
46926830
46926830
46926830
46926830
46926830
46926830
46926830
46926830
46926830
46926830
46926830
46926830
46926830
46926830
46926830
46926830
46926830
46926830
46926830
46926830
46926830
46926830
46919282
46914390
46914390
46914390
46914390
46914390
46914390
46914390
46914390
46914390
46914390
46914390
46914390
46914390
46822612
46810478
46810478
46725864
46725864
46725864
46725864
46725034
46725034
46725034
46725034
46725034
46725034
46725034
46725034
46527762
46527762
46504240
46504240
46504240
46504240
46504240
46504240
46504240
46504240
46500896
46483412
46483412
46483412
46290596
46290596
46281052
46281052
46281052
46243964
46243964
46243964
46243964
46243964
46243964
46243964
46243964
46243964
46243964
46243964
46243964
46170074
46170074
46170074
46170074
46170074
46170074
46170074
46170074
46170074
46170074
46170074
46170074
46170074
46170074
46170074
46170074
46170074
46170074
46170074
46170074
46170074
46170074
46170074
46170074
46170074
46170074
46170074
46170074
46170074
46170074
46170074
46170074
46170074
46170074
46170074
46170074
46136478
46136478
46136478
46136478
46136478
46136478
46136478
46136478
46136478
46136478
46136478
46136478
46136478
46136478
46136478
46136478
46136478
46136478
46136478
46136478
46136478
46136478
46136478
46136478
46136478
46136478
46136478
46136478
46136478
46136478
46136478
46136478
46136478
46136478
46136478
46136478
46136478
46136478
46136478
46136478
46136478
46136478
46136478
46136478
46136478
46136478
46136478
46136478
46136478
46136478
46136478
46136478
46136478
46136478
46136478
46136478
46136478
46136478
46136478
46136478
46136478
46136478
46136478
46136478
46136478
46136478
46136478
46124282
46124282
46124282
46124282
46124282
46124282
46124282
46124282
46124282
46124282
46124282
46068188
46068188
46068188
46068188
46068188
46068188
46068188
46068188
46068188
46068188
46068188
46068188
46068188
46068188
46068188
46068188
46068188
46068188
46068188
46068188
46068188
46068188
46068188
46068188
46068188
46068188
46068188
46024260
46024260
46024260
46024260
46024260
46024260
46024260
46024260
46024260
46024260
46024260
46024260
46024260
46024260
46024260
46024260
46024260
46024260
46024260
46015222
46015222
46015222
46015222
46015222
46015222
46015222
46015222
46015222
46015222
46015222
46015222
46015222
46015222
46015222
46015222
46015222
46015222
45978926
45978926
45978926
45978926
45978926
45978926
45978926
45978926
45978926
45978926
45978926
45978926
45978926
45978926
45978926
45978926
45978926
45978926
45978926
45978926
45978926
45978926
45978926
45978926
45978926
45978926
45978926
45978926
45978926
45978926
45978926
45978926
45978926
45978926
45978926
45978926
45978926
45978926
45978926
45978926
45978926
45978926
45978926
45978926
45978926
45978926
45978926
45978926
45978926
45978926
45978926
45978926
45978926
45978926
45978926
45978926
45978926
45978926
45978926
45978926
45978926
45978926
45978926
45978926
45978926
45978926
45978926
45964910
45964910
45964910
45964910
45964910
45964910
45964910
45964910
45964910
45964910
45964910
45964910
45964910
45964910
45964910
45964910
45964910
45964910
45964910
45964910
45964910
45964910
45964910
45964910
45964910
45964910
45964910
45964910
45964910
45964910
45964910
45964910
45964910
45964910
45964910
45964910
45964910
45964910
45964910
45964910
45952672
45952672
45952672
45952672
45952672
45952672
45952672
45952672
45952672
45952672
45952672
45952672
45952672
45952672
45952672
45952672
45952672
45952672
45952672
45952672
45952672
45921500
45921500
45921500
45921500
45921500
45921500
45921500
45921500
45921500
45921500
45921500
45921500
45921500
45921500
45921500
45921500
45921500
45921500
45921500
45921500
45921500
45921500
45921500
45921500
45921500
45921500
45921500
45921500
45921500
45921500
45921500
45921500
45921500
45921500
45921500
45921500
45921500
45921500
45921500
45921500
45921500
45921500
45921500
45921500
45921500
45921500
45921500
45921500
45921500
45921500
45921500
45921500
45921500
45921500
45921500
45921500
45921500
45921500
45921500
45921500
45921500
45921500
45921500
45921500
45921500
45921500
45921500
45921500
45921500
45921500
45921500
45921500
45921500
45921500
45921500
45921500
45921500
45921500
45921500
45921500
45921500
45921500
45921500
45921500
45921500
45921500
45921500
45905526
45905526
45905526
45905526
45905526
45905526
45905526
45905526
45905526
45905526
45905526
45905526
45905526
45905526
45905526
45905526
45905526
45905526
45905526
45905526
45905526
45905526
45905526
45905526
45905526
45905526
45903352
45903352
45903352
45903352
45903352
45903352
45903352
45903352
45903352
45903352
45903352
45903352
45903352
45903352
45903352
45903352
45903352
45903352
45903352
45903352
45903352
45903352
45903352
45903352
45903352
45903352
45903352
45903352
45903352
45903352
45903352
45903352
45903352
45903352
45903352
45903352
45828838
45828838
45828838
45828838
45828838
45828838
45828838
45828838
45828838
45828838
45828838
45828838
45828838
45828838
45828838
45828838
45828838
45828838
45828838
45828838
45828838
45828838
45828838
45828838
45828838
45828838
45828838
45828838
45828838
45828838
45828838
45828838
45828838
45828838
45828838
45828838
45828838
45828838
45828838
45828838
45828838
45828838
45828838
45828838
45828838
45828838
45828838
45828838
45828838
45828838
45828838
45828838
45828838
45828838
45828838
45828838
45828838
45828838
45828838
45828838
45828838
45828838
45828838
45828838
45828838
45828838
45828838
45828838
45828838
45828838
45828838
45828838
45828838
45828838
45828838
45828838
45828838
45828838
45828838
45828838
45828838
45828838
45828838
45828838
45828838
45828838
45828838
45828838
45828838
45828838
45828838
45828838
45828838
45828838
45828838
45828838
45828838
45828838
45828838
45828838
45828838
45828838
45828838
45828838
45828838
45828838
45828838
45828838
45828838
45828838
45828838
45828838
45828838
45828838
45828838
45828838
45828838
45828838
45828838
45827732
45827732
45827732
45827732
45816158
45816158
45816158
45816158
45816158
45816158
45816158
45816158
45816158
45816158
45816158
45816158
45816158
45816158
45806338
45806338
45805660
45805660
45805660
45793148
45793148
45793148
45793148
45793148
45793148
45793148
45793148
45793148
45793148
45793148
45793148
45793148
45793148
45793148
45793148
45742348
45742348
45742348
45742348
45742348
45742348
45742348
45742348
45742348
45742348
45742348
45742348
45742348
45742348
45742348
45742348
45742348
45742348
45742348
45742348
45742348
45742348
45742348
45742348
45742348
45742348
45742348
45742348
45742348
45742348
45742348
45742348
45742348
45742348
45742348
45742348
45742348
45742348
45742348
45742348
45742348
45742348
45742348
45742348
45742348
45742348
45742348
45742348
45742348
45742348
45742348
45742348
45742348
45742348
45742348
45742348
45742348
45742348
45742348
45742348
45742348
45742348
45742348
45742348
45742348
45742348
45742348
45742348
45742348
45742348
45742348
45742348
45742348
45742348
45742348
45742348
45742348
45742348
45742348
45742348
45742348
45742348
45742348
45742348
45742348
45742348
45742348
45742348
45742348
45742348
45742348
45742348
45742348
45742348
45742348
45742348
45742348
45742348
45742348
45742348
45742348
45742348
45742348
45742348
45742348
45742348
45742348
45742348
45742348
45742348
45742348
45742348
45742348
45708826
45708826
45708826
45708826
45708826
45708826
45708826
45708826
45708826
45708826
45708826
45708826
45708826
45708826
45708826
45708826
45708826
45708826
45708826
45708826
45708826
45708826
45708826
45708826
45708826
45708826
45708826
45708826
45708826
45708826
45708826
45708826
45708826
45708826
45708826
45708826
45708826
45708826
45708826
45708826
45708826
45708826
45708826
45708826
45708826
45708826
45708826
45708826
45708826
45708826
45708826
45708826
45708826
45708826
45708826
45708826
45708826
45708826
45708826
45708826
45708826
45708826
45708826
45708826
45708826
45708826
45708826
45708826
45708826
45708826
45708826
45708826
45708826
45708826
45708826
45708826
45708826
45708826
45708826
45708826
45708826
45708826
45708826
45708826
45708826
45708826
45708826
45708826
45708826
45708826
45708826
45708826
45708826
45708826
45708826
45708826
45708826
45708826
45708826
45708826
45708826
45708826
45708826
45708826
45708826
45708826
45708826
45708826
45708826
45708826
45708826
45708826
45708826
45708826
45708826
45708826
45708826
45708826
45708826
45708826
45708826
45708826
45708826
45708826
45708826
45708826
45708826
45708826
45708826
45708826
45708826
45708826
45708826
45708826
45708826
45708826
45631766
45631766
45631766
45631766
45631766
45631766
45631766
45631766
45631766
45631766
45631766
45631766
45631766
45631766
45631766
45631766
45631766
45631766
45631766
45631766
45631766
45631766
45631766
45631766
45631766
45631766
45631766
45631766
45631766
45631766
45631766
45631766
45631766
45631766
45631766
45631766
45631766
45631766
45631766
45631766
45631766
45631766
45631766
45631766
45631766
45631766
45631766
45631766
45631766
45631766
45631766
45631766
45631766
45631766
45631766
45631766
45631766
45631766
45631766
45631766
45631766
45631766
45631766
45631766
45631766
45631766
45631766
45631766
45631766
45631766
45631084
45631084
45631084
45631084
45631084
45631084
45593766
45593766
45593766
45593766
45593766
45593766
45593766
45593766
45593766
45593766
45593766
45593630
45593630
45593630
45593630
45593630
45593630
45593630
45593630
45593630
45593630
45593630
45593630
45593630
45593630
45593630
45593630
45593630
45593630
45593630
45593630
45593630
45593630
45593630
45593630
45593630
45593630
45593630
45593630
45593630
45593630
45593630
45593630
45571388
45571388
45571388
45571388
45571388
45571388
45571388
45571388
45571388
45571388
45500352
45500352
45500352
45500352
45500352
45500352
45500352
45500352
45500352
45500352
45500352
45500352
45500352
45500352
45500352
45500352
45500352
45500352
45500352
45500352
45500352
45500352
45500352
45500352
45500352
45500352
45500352
45500352
45500352
45500352
45500352
45500352
45500352
45500352
45500352
45500352
45500352
45500352
45500352
45500352
45500352
45500352
45500352
45500352
45500352
45500352
45500352
45500352
45500352
45500352
45500352
45500352
45500352
45500352
45500352
45500352
45500352
45500352
45500352
45500352
45500352
45500352
45500352
45500352
45500352
45500352
45500352
45500352
45500352
45500352
45500352
45500352
45500352
45500352
45500352
45500352
45500352
45500352
45500352
45500352
45500352
45500352
45500352
45500352
45500352
45500352
45500352
45500352
45500352
45500352
45500352
45500352
45500352
45500352
45500352
45500352
45500352
45500352
45500352
45500352
45500352
45500352
45500352
45500352
45500352
45500352
45500352
45500352
45500352
45500352
45500352
45500352
45500352
45500352
45500352
45500352
45500352
45500352
45500352
45500352
45500352
45500352
45500352
45500352
45500352
45500352
45500352
45500352
45500352
45500352
45500352
45500352
45500352
45500352
45500352
45500352
45500352
45500352
45500352
45500352
45500352
45500352
45500352
45500352
45500352
45500352
45500352
45500352
45500352
45500352
45500352
45500352
45500352
45500352
45500352
45500352
45500352
45500352
45500352
45500352
45500352
45500352
45500352
45500352
45500352
45500352
45500352
45500352
45500352
45500352
45500352
45500352
45500352
45500352
45500352
45500352
45500352
45500352
45500352
45500352
45500352
45500352
45500352
45500352
45500352
45500352
45500352
45500352
45500352
45500352
45500352
45498910
45498910
45498910
45498910
45498910
45498910
45498910
45498910
45498910
45498910
45498910
45498910
45498910
45498910
45498910
45498910
45498910
45498910
45498910
45498910
45498910
45498910
45498910
45498910
45498910
45498910
45474944
45474944
45474944
45474944
45474944
45474944
45474944
45474944
45474944
45474944
45474944
45474944
45474944
45474944
45474944
45474944
45474944
45474944
45474944
45474944
45474944
45474944
45474944
45474944
45474944
45474944
45474944
45474944
45474944
45474944
45474944
45474944
45474944
45474944
45474944
45474944
45474944
45474944
45474944
45474944
45474944
45474944
45474944
45474944
45474944
45474944
45474944
45474944
45474944
45474944
45474944
45474944
45474944
45474944
45474944
45474944
45474944
45474944
45474944
45461234
45461234
45461234
45461234
45461234
45461234
45461234
45461234
45461234
45461234
45461234
45461234
45461234
45461234
45461234
45461234
45461234
45461234
45461234
45461234
45461234
45461234
45461234
45461234
45461234
45461234
45461234
45461234
45461234
45461234
45461234
45461234
45461234
45461234
45461234
45461234
45461234
45461234
45461234
45461234
45461234
45461234
45461234
45461234
45461234
45461234
45461234
45461234
45461234
45461234
45461234
45461234
45461234
45461234
45461234
45461234
45461234
45461234
45461234
45461234
45461234
45461234
45461234
45461234
45461234
45461234
45461234
45461234
45461234
45461234
45450806
45450806
45450806
45450806
45450806
45450806
45450806
45450806
45450806
45450806
45450806
45450806
45450806
45450806
45450806
45450806
45450806
45450806
45450806
45450806
45450806
45450806
45450806
45450806
45450806
45450806
45450806
45450806
45450806
45450806
45450806
45450806
45450806
45450806
45450806
45450806
45450806
45450806
45450806
45450806
45450806
45450806
45450806
45450806
45450806
45450806
45450806
45450806
45450806
45450806
45450806
45450806
45450806
45450806
45450806
45450806
45450806
45450806
45450806
45450806
45450806
45450806
45450806
45450806
45450806
45450806
45450806
45450806
45450806
45450806
45450806
45450806
45450806
45450806
45450806
45450806
45450806
45450806
45450806
45450806
45450806
45450806
45450806
45450806
45450806
45450806
45450806
45450806
45450806
45450806
45450806
45450806
45450806
45450806
45450806
45450806
45450806
45450806
45450806
45450806
45450806
45450806
45450806
45450806
45450806
45450806
45450806
45450806
45450806
45450806
45450806
45450806
45450806
45450806
45450806
45443386
45443386
45443386
45443386
45443386
45443386
45443386
45443386
45443386
45443386
45443386
45443386
45443386
45443386
45443386
45443386
45443386
45443386
45443386
45443386
45443386
45443386
45443386
45443386
45443386
45443386
45443386
45443386
45369524
45369524
45369524
45369524
45369524
45369524
45369524
45369524
45369524
45369524
45369524
45369524
45369524
45369524
45369524
45369524
45369524
45369524
45369524
45369524
45369524
45369524
45369524
45369524
45369524
45369524
45369524
45369524
45369524
45369524
45369524
45369524
45369524
45369524
45369524
45369524
45369524
45369524
45369524
45369524
45369524
45369524
45369524
45369524
45369524
45369524
45369524
45369524
45369524
45369524
45369524
45369524
45369524
45369524
45369524
45369524
45369524
45369524
45369524
45369524
45369524
45369524
45369524
45369524
45369524
45369524
45369524
45369524
45369524
45369524
45369524
45369524
45369524
45369524
45369524
45369524
45369524
45369524
45369524
45369524
45369524
45369524
45369524
45369524
45369524
45369524
45369524
45369524
45369524
45369524
45369524
45369524
45369524
45369524
45369524
45312928
45312928
45312928
45312928
45312928
45312928
45312928
45312928
45312928
45312928
45312928
45312928
45312928
45312928
45312928
45312928
45312928
45312928
45312928
45312928
45312928
45312928
45312928
45312928
45312928
45312928
45312928
45312928
45312928
45312928
45312928
45312928
45312928
45312928
45312928
45312928
45312928
45312928
45312928
45312928
45312928
45312928
45312928
45312928
45312928
45312928
45312928
45312928
45312928
45312928
45312928
45312928
45312928
45312928
45312928
45312928
45312928
45312928
45312928
45312928
45312928
45312928
45312928
45312928
45312928
45312928
45312928
45312928
45312928
45312928
45312928
45312928
45312928
45312928
45312928
45312928
45312928
45312928
45312928
45312928
45312928
45312928
45312928
45312928
45312928
45312928
45312928
45312928
45312928
45312928
45312928
45312928
45312928
45312928
45312928
45312928
45312928
45312928
45312928
45312928
45312928
45312928
45312928
45312928
45312928
45312928
45312928
45312928
45312928
45312928
45312928
45312928
45312928
45312928
45312928
45312928
45312928
45312928
45312928
45312928
45312928
45312928
45312928
45312928
45312928
45312928
45312928
45312928
45312928
45312928
45312928
45312928
45312928
45312928
45312928
45312928
45312928
45312928
45312928
45312928
45312928
45312928
45312928
45312928
45312928
45312928
45312928
45312928
45312928
45312928
45312928
45312928
45312928
45312928
45312928
45312928
45312928
45312928
45312928
45312928
45312928
45312928
45312928
45312928
45312928
45312928
45312928
45312928
45312928
Segundos empleados: 87.7339
