50745248
50538092
50538092
50496702
50290474
49953564
49876460
49442814
49360980
49360980
49360980
49279056
49193570
49056316
49019640
48996016
48762758
48762758
48762758
48762758
48540770
48540770
48391612
48288916
48288916
48288916
48288916
48288916
48288916
48248554
48248554
48248554
48143120
48107986
48031282
48017680
48017680
48017680
47884270
47884270
47884270
47838496
47745690
47745690
47733530
47647674
47647674
47529246
47529246
47448336
47448336
47439542
47288756
47288756
47288756
47288756
47288756
47288756
47288756
47288756
47288756
47188688
47142302
47142302
47142302
47122902
47105296
47105296
47061824
47061824
47061824
47000806
47000806
47000806
47000806
47000806
46968708
46833238
46833238
46833238
46833238
46833238
46833238
46828144
46828144
46828144
46811316
46811316
46811316
46811316
46811316
46811316
46800818
46775006
46775006
46775006
46775006
46770982
46770982
46737796
46737796
46737796
46737796
46737796
46737796
46737796
46737796
46737796
46737796
46737796
46737796
46737796
46737796
46737796
46737796
46737796
46737796
46737796
46737796
46737796
46737796
46737796
46737796
46737796
46737796
46737796
46737796
46737796
46737796
46737796
46737796
46737796
46737796
46737796
46737796
46737796
46737796
46737796
46737796
46737796
46737796
46737796
46737796
46737796
46737796
46737796
46737796
46737796
46737796
46737796
46737796
46737796
46737796
46737796
46737796
46737796
46737796
46737796
46737796
46737796
46737796
46737796
46737796
46737796
46737796
46737796
46737796
46737796
46737796
46737796
46737796
46737796
46737796
46737796
46737796
46737796
46737796
46737796
46737796
46737796
46737796
46737796
46737796
46737796
46737796
46737796
46737796
46737796
46737796
46737796
46737796
46737796
46737796
46737796
46737796
46737796
46737796
46737796
46737796
46737796
46737796
46737796
46737796
46737796
46737796
46737796
46737796
46737796
46737796
46737796
46737796
46737796
46737796
46737796
46737796
46737796
46737796
46737796
46737796
46737796
46737796
46737796
46737796
46737796
46737796
46737796
46737796
46737796
46737796
46737796
46737796
46737796
46737796
46737796
46737796
46737796
46737796
46737796
46737796
46737796
46737796
46737796
46737796
46737796
46737796
46737796
46737796
46737796
46737796
46737796
46737796
46737796
46737796
46737796
46737796
46737796
46737796
46737796
46737796
46737796
46737796
46737796
46737796
46737796
46737796
46737796
46737796
46737796
46737796
46737796
46737796
46737796
46737796
46737796
46737796
46737796
46737796
46737796
46737796
46737796
46737796
46737796
46737796
46737796
46737796
46737796
46737796
46737796
46737796
46737796
46737796
46737796
46737796
46737796
46737796
46737796
46737796
46737796
46737796
46737796
46737796
46737796
46737796
46737796
46737796
46737796
46737796
46737796
46737796
46737796
46737796
46737796
46737796
46737796
46737796
46737796
46737796
46737796
46737796
46737796
46737796
46737796
46737796
46737796
46737796
46737796
46737796
46737796
46737796
46737796
46737796
46737796
46737796
46737796
46737796
46737796
46737796
46737796
46737796
46737796
46737796
46737796
46737796
46737796
46737796
46737796
46737796
46737796
46737796
46737796
46737796
46737796
46737796
46737796
46737796
46737796
46737796
46737796
46737796
46737796
46737796
46737796
46737796
46737796
46737796
46737796
46737796
46737796
46737796
46737796
46737796
46737796
46737796
46737796
46737796
46737796
46737796
46737796
46737796
46737796
46737796
46737796
46737796
46737796
46737796
46737796
46737796
46737796
46737796
46737796
46737796
46737796
46737796
46737796
46737796
46737796
46737796
46737796
46737796
46737796
46737796
46737796
46737796
46737796
46737796
46737796
46737796
46737796
46737796
46737796
46737796
46737796
46737796
46737796
46737796
46737796
46737796
46737796
46737796
46737796
46737796
46737796
46737796
46737796
46737796
46737796
46737796
46737796
46737796
46737796
46737796
46737796
46737796
46737796
46737796
46737796
46737796
46737796
46737796
46737796
46737796
46737796
46737796
46737796
46737796
46737796
46737796
46737796
46737796
46737796
46737796
46737796
46737796
46737796
46737796
46737796
46737796
46737796
46737796
46737796
46737796
46737796
46737796
46737796
46737796
46737796
46737796
46737796
46737796
46737796
46737796
46737796
46737796
46737796
46737796
46737796
46737796
46737796
46737796
46737796
46737796
46737796
46737796
46737796
46737796
46737796
46737796
46737796
46737796
46737796
46737796
46737796
46737796
46737796
46737796
46737796
46737796
46737796
46737796
46737796
46737796
46737796
46737796
46737796
46737796
46737796
46737796
46737796
46737796
46737796
46737796
46737796
46737796
46737796
46737796
46737796
46737796
46737796
46737796
46737796
46737796
46737796
46737796
46737796
46737796
46737796
46737796
46737796
46737796
46737796
46737796
46737796
46737796
46737796
46737796
46737796
46737796
46737796
46737796
46737796
46737796
46737796
46737796
46737796
46737796
46737796
46737796
46737796
46737796
46737796
46737796
46737796
46737796
46737796
46737796
46737796
46737796
46737796
46737796
46737796
46737796
46737796
46737796
46737796
46737796
46737796
46737796
46737796
46737796
46737796
46737796
46737796
46737796
46737796
46737796
46737796
46737796
46737796
46737796
46737796
46737796
46737796
46737796
46737796
46737796
46737796
46737796
46737796
46737796
46737796
46737796
46737796
46737796
46737796
46737796
46737796
46737796
46737796
46737796
46737796
46737796
46737796
46737796
46737796
46737796
46737796
46737796
46737796
46737796
46737796
46737796
46737796
46737796
46737796
46737796
46737796
46737796
46737796
46737796
46737796
46737796
46737796
46737796
46737796
46737796
46737796
46737796
46737796
46737796
46737796
46737796
46737796
46737796
46737796
46737796
46737796
46737796
46737796
46737796
46737796
46737796
46737796
46737796
46737796
46737796
46737796
46737796
46737796
46737796
46737796
46737796
46737796
46737796
46737796
46737796
46737796
46737796
46737796
46737796
46737796
46737796
46737796
46737796
46737796
46737796
46737796
46737796
46737796
46737796
46737796
46737796
46737796
46737796
46737796
46737796
46737796
46737796
46737796
46737796
46737796
46737796
46737796
46737796
46737796
46737796
46737796
46737796
46737796
46737796
46737796
46737796
46737796
46737796
46737796
46737796
46737796
46737796
46737796
46737796
46737796
46737796
46737796
46737796
46737796
46737796
46737796
46737796
46737796
46737796
46737796
46737796
46737796
46737796
46737796
46737796
46737796
46737796
46737796
46737796
46737796
46737796
46737796
46737796
46737796
46737796
46737796
46737796
46737796
46737796
46737796
46737796
46737796
46737796
46737796
46737796
46737796
46737796
46737796
46737796
46737796
46737796
46737796
46737796
46737796
46737796
46737796
46737796
46737796
46737796
46737796
46737796
46737796
46737796
46737796
46737796
46737796
46737796
46737796
46737796
46737796
46737796
46737796
46737796
46737796
46737796
46737796
46737796
46737796
46737796
46737796
46737796
46737796
46737796
46737796
46737796
46737796
46737796
46737796
46737796
46737796
46737796
46737796
46737796
46737796
46737796
46737796
46737796
46737796
46737796
46737796
46737796
46737796
46737796
46737796
46737796
46737796
46737796
46737796
46737796
46737796
46737796
46737796
46737796
46737796
46737796
46737796
46737796
46737796
46737796
46737796
46737796
46737796
46737796
46737796
46737796
46737796
46737796
46737796
46737796
46737796
46737796
46737796
46737796
46737796
46737796
46737796
46737796
46737796
46737796
46737796
46737796
46737796
46737796
46737796
46737796
46737796
46737796
46737796
46737796
46737796
46737796
46737796
46737796
46737796
46737796
46737796
46737796
46737796
46737796
46737796
46737796
46737796
46737796
46737796
46737796
46737796
46737796
46737796
46737796
46737796
46737796
46737796
46737796
46737796
46737796
46737796
46737796
46737796
46737796
46737796
46737796
46737796
46737796
46737796
46737796
46737796
46737796
46737796
46737796
46737796
46737796
46737796
46737796
46737796
46737796
46737796
46737796
46737796
46737796
46737796
46737796
46737796
46737796
46737796
46737796
46737796
46737796
46737796
46737796
46737796
46737796
46737796
46737796
46737796
46737796
46737796
46737796
46737796
46737796
46737796
46737796
46737796
46737796
46737796
46737796
46737796
46737796
46737796
46737796
46737796
46737796
46737796
46737796
46737796
46737796
46737796
46737796
46737796
46737796
46737796
46737796
46737796
46737796
46737796
46737796
46737796
46737796
46737796
46737796
46737796
46737796
46737796
46737796
46737796
46737796
46737796
46737796
46737796
46737796
46737796
46737796
46737796
46737796
46737796
46737796
46737796
46737796
46737796
46737796
46737796
46737796
46737796
46737796
46737796
46737796
46737796
46737796
46737796
46737796
46737796
46737796
46737796
46737796
46737796
46737796
46737796
46737796
46737796
46737796
46737796
46737796
46737796
46737796
46737796
46737796
46737796
46737796
46737796
46737796
46737796
46737796
46737796
46737796
46737796
46737796
46737796
46737796
46737796
46737796
46737796
46737796
46737796
46737796
46737796
46737796
46737796
46737796
46737796
46737796
46737796
46737796
46737796
46737796
46737796
46737796
46737796
46737796
46737796
46737796
46737796
46737796
46737796
46737796
46737796
46737796
46737796
46737796
46737796
46737796
46737796
46737796
46737796
46737796
46737796
46737796
46737796
46737796
46737796
46737796
46737796
46737796
46737796
46737796
46737796
46737796
46737796
46737796
46737796
46737796
46737796
46737796
46737796
46737796
46737796
46737796
46737796
46737796
46737796
46737796
46737796
46737796
46737796
46737796
46737796
46737796
46737796
46737796
46737796
46737796
46737796
46737796
46737796
46737796
46737796
46737796
46737796
46737796
46737796
46737796
46737796
46737796
46737796
46737796
46737796
46737796
46737796
46737796
46737796
46737796
46737796
46737796
46737796
46737796
46737796
46737796
46737796
46737796
46737796
46737796
46737796
46737796
46737796
46737796
46737796
46737796
46737796
46737796
46737796
46737796
46737796
46737796
46737796
46737796
46737796
46737796
46737796
46737796
46737796
46737796
46737796
46737796
46737796
46737796
46737796
46737796
46737796
46737796
46737796
46737796
46737796
46737796
46737796
46737796
46737796
46737796
46737796
46737796
46737796
46737796
46737796
46737796
46737796
46737796
46737796
46737796
46737796
46737796
46737796
46737796
46737796
46737796
46737796
46737796
46737796
46737796
46737796
46737796
46737796
46737796
46737796
46737796
46737796
46737796
46737796
46737796
46737796
46737796
46737796
46737796
46737796
46737796
46737796
46737796
46737796
46737796
46737796
46737796
46737796
46737796
46737796
46737796
46737796
46737796
46737796
46737796
46737796
46737796
46737796
46737796
46737796
46737796
46737796
46737796
46737796
46737796
46737796
46737796
46737796
46737796
46737796
46737796
46737796
46737796
46737796
46737796
46737796
46737796
46737796
46737796
46737796
46737796
46737796
46737796
46737796
46737796
46737796
46737796
46737796
46737796
46737796
46737796
46737796
46737796
46737796
46737796
46737796
46737796
46737796
46737796
46737796
46737796
46737796
46737796
46737796
46737796
46737796
46737796
46737796
46737796
46737796
46737796
46737796
46737796
46737796
46737796
46737796
46737796
46737796
46737796
46737796
46737796
46737796
46737796
46737796
46737796
46737796
46737796
46737796
46737796
46737796
46737796
46737796
46737796
46737796
46737796
46737796
46737796
46737796
46737796
46737796
46737796
46737796
46737796
46737796
46737796
46737796
46737796
46737796
46737796
46737796
46737796
46737796
46737796
46737796
46737796
46737796
46737796
46737796
46737796
46737796
46737796
46737796
46737796
46737796
46737796
46737796
46737796
46737796
46737796
46737796
46737796
46737796
46737796
46737796
46737796
46737796
46737796
46737796
46737796
46737796
46737796
46737796
46737796
46737796
46737796
46737796
46737796
46737796
46737796
46737796
46737796
46737796
46737796
46737796
46737796
46737796
46737796
46737796
46737796
46737796
46737796
46737796
46737796
46737796
46737796
46737796
46737796
46737796
46737796
46737796
46737796
46737796
46737796
46737796
46737796
46737796
46737796
46737796
46737796
46737796
46737796
46737796
46737796
46737796
46737796
46737796
46737796
46737796
46737796
46737796
46737796
46737796
46737796
46737796
46737796
46737796
46737796
46737796
46737796
46737796
46737796
46737796
46737796
46737796
46737796
46737796
46737796
46737796
46737796
46737796
46737796
46737796
46737796
46737796
46737796
46737796
46737796
46737796
46737796
46737796
46737796
46737796
46737796
46737796
46737796
46737796
46737796
46737796
46737796
46737796
46737796
46737796
46737796
46737796
46737796
46737796
46737796
46737796
46737796
46737796
46737796
46737796
46737796
46737796
46737796
46737796
46737796
46737796
46737796
46737796
46737796
46737796
46737796
46737796
46737796
46737796
46737796
46737796
46737796
46737796
46737796
46737796
46737796
46737796
46737796
46737796
46737796
46737796
46737796
46737796
46737796
46737796
46737796
46737796
46737796
46737796
46737796
46737796
46737796
46737796
46737796
46737796
46737796
46737796
46737796
46737796
46737796
46737796
46737796
46737796
46737796
46737796
46737796
46737796
46737796
46737796
46737796
46737796
46737796
46737796
46737796
46737796
46737796
46737796
46737796
46737796
46737796
46737796
46737796
46737796
46737796
46737796
46737796
46737796
46737796
46737796
46737796
46737796
46737796
46737796
46737796
46737796
46737796
46737796
46737796
46737796
46737796
46737796
46737796
46737796
46737796
46737796
46737796
46737796
46737796
46737796
46737796
46737796
46737796
46737796
46737796
46737796
46737796
46737796
46737796
46737796
46737796
46737796
46737796
46737796
46737796
46737796
46737796
46737796
46737796
46737796
46737796
46737796
46737796
46737796
46737796
46737796
46737796
46737796
46737796
46737796
46737796
46737796
46737796
46737796
46737796
46737796
46737796
46737796
46737796
46737796
46737796
46737796
46737796
46737796
46737796
46737796
46737796
46737796
46737796
46737796
46737796
46737796
46737796
46737796
46737796
46737796
46737796
46737796
46737796
46737796
46737796
46737796
46737796
46737796
46737796
46737796
46737796
46737796
46737796
46737796
46737796
46737796
46737796
46737796
46737796
46737796
46737796
46737796
46737796
46737796
46737796
46737796
46737796
46737796
46737796
46737796
46737796
46737796
46737796
46737796
46737796
46737796
46737796
46737796
46737796
46737796
46737796
46737796
46737796
46737796
46737796
46737796
46737796
46737796
46737796
46737796
46737796
46737796
46737796
46737796
46737796
46737796
46737796
46737796
46737796
46737796
46737796
46737796
46737796
46737796
46737796
46737796
46737796
46737796
46737796
46737796
46737796
46737796
46737796
46737796
46737796
46737796
46737796
46737796
46737796
46737796
46737796
46737796
46737796
46737796
46737796
46737796
46737796
46737796
46737796
46737796
46737796
46737796
46737796
46737796
46737796
46737796
46737796
46737796
46737796
46737796
46737796
46737796
46737796
46737796
46737796
46737796
46737796
46737796
46737796
46737796
46737796
46737796
46737796
46737796
46737796
46737796
46737796
46737796
46737796
46737796
46737796
46737796
46737796
46737796
46737796
46737796
46737796
46737796
46737796
46737796
46737796
46737796
46737796
46737796
46737796
46737796
46737796
46737796
46737796
46737796
46737796
46737796
46737796
46737796
46737796
46737796
46737796
46737796
46737796
46737796
46737796
46737796
46737796
46737796
46737796
46737796
46737796
46737796
46737796
46737796
46737796
46737796
46737796
46737796
46737796
46737796
46737796
46737796
46737796
46737796
46737796
46737796
46737796
46737796
46737796
46737796
46737796
46737796
46737796
46737796
46737796
46737796
46737796
46737796
46737796
46737796
46737796
46737796
46737796
46737796
46737796
46737796
46737796
46737796
46737796
46737796
46737796
46737796
46737796
46737796
46737796
46737796
46737796
46737796
46737796
46737796
46737796
46737796
46737796
46737796
46737796
46737796
46737796
46737796
46737796
46737796
46737796
46737796
46737796
46737796
46737796
46737796
46737796
46737796
46737796
46737796
46737796
46737796
46737796
46737796
46737796
46737796
46737796
46737796
46737796
46737796
46737796
46737796
46737796
46737796
46737796
46737796
46737796
46737796
46737796
46737796
46737796
46737796
46737796
46737796
46737796
46737796
46737796
46737796
46737796
46737796
46737796
46737796
46737796
46737796
46737796
46737796
46737796
46737796
46737796
46737796
46737796
46737796
46737796
46737796
46737796
46737796
46737796
46737796
46737796
46737796
46737796
46737796
46737796
46737796
46737796
46737796
46737796
46737796
46737796
46737796
46737796
46737796
46737796
46737796
46737796
46737796
46737796
46737796
46737796
46737796
46737796
46737796
46737796
46737796
46737796
46737796
46737796
46737796
46737796
46737796
46737796
46737796
46737796
46737796
46737796
46737796
46737796
46737796
46737796
46737796
46737796
46737796
46737796
46737796
46737796
46737796
46737796
46737796
46737796
46737796
46737796
46737796
46737796
46737796
46737796
46737796
46737796
46737796
46737796
46737796
46737796
46737796
46737796
46737796
46737796
46737796
46737796
46737796
46737796
46737796
46737796
46737796
46737796
46737796
46737796
46737796
46737796
46737796
46737796
46737796
46737796
46737796
46737796
46737796
46737796
46737796
46737796
46737796
46737796
46737796
46737796
46737796
46737796
46737796
46737796
46737796
46737796
46737796
46737796
46737796
46737796
46737796
46737796
46737796
46737796
46737796
46737796
46737796
46737796
46737796
46737796
46737796
46737796
46737796
46737796
46737796
46737796
46737796
46737796
46737796
46737796
46737796
46737796
46737796
46737796
46737796
46737796
46737796
46737796
46737796
46737796
46737796
46737796
46737796
46737796
46737796
46737796
46737796
46737796
46737796
46737796
46737796
46737796
46737796
46737796
46737796
46737796
46737796
46737796
46737796
46737796
46737796
46737796
46737796
46737796
46737796
46737796
46737796
46737796
46737796
46737796
46737796
Segundos empleados: 117.945
