50857986
50833320
50638762
50373772
50323640
50187822
50187822
50089274
49906392
49833278
49754244
49676108
49644208
49038848
49038482
48967824
48739864
48737946
48676900
48659848
48571364
48571364
48356856
48342306
48186798
48186798
47937452
47914084
47907112
47794946
47699150
47666452
47652436
47627704
47616208
47601234
47558786
47402702
47394606
47377156
47371602
47333306
47220538
47120898
47088494
47025650
46940192
46896974
46842040
46814620
46677324
46677324
46646766
46611362
46567720
46567720
46550138
46530004
46472796
46391006
46339088
46274346
46274346
46237008
46201006
46200026
46130892
46128728
46128728
46101182
46099458
46035586
46034834
46004822
45997252
45991366
45988796
45961580
45916126
45886566
45876152
45837966
45824438
45819612
45790464
45790464
45747758
45717200
45697932
45682406
45659838
45616818
45616818
45616818
45571016
45522486
45507972
45507972
45431412
45404274
45391158
45385032
45340750
45338060
45337914
45335948
45310824
45305380
45301684
45257754
45257172
45231080
45224076
45213686
45185300
45137156
45133960
45118044
45112046
45112046
45105096
45096440
45041270
45040570
44997214
44996886
44996886
44996886
44996886
44996886
44996886
44996886
44996886
44996886
44996886
44996886
44996886
44996886
44996886
44996886
44996886
44996886
44996886
44996886
44996886
44996886
44996886
44996886
44996886
44996886
Segundos empleados: 172.174
