51214558
51214558
51203880
50943896
50896048
50627152
50343038
50343038
50343038
50026898
50026898
49812522
49812522
49812522
49791336
49752028
49728858
49708394
49686558
49646286
49597644
49559276
49559276
49559276
49413326
49383526
49383526
49158608
49148456
49139792
49139792
49024190
49024190
49006638
48988638
48988638
48941888
48941888
48907488
48883356
48815638
48815638
48815638
48721554
48681400
48657258
48657258
48627296
48627296
48520242
48403252
48403252
48295996
48295996
48295996
48189730
48189730
48189730
48189730
48189730
48169492
48169492
48169492
48134254
48134254
48124350
48063460
48028676
48028676
48028676
48005476
48005476
48003932
47940970
47934870
47934870
47928050
47927070
47893824
47893824
47893824
47893824
47872168
47872168
47872168
47814496
47814496
47814496
47814496
47814496
47813682
47813682
47753212
47753212
47753212
47685456
47685456
47685456
47685456
47590388
47590388
47590388
47590388
47590388
47590388
47590388
47590388
47590286
47590286
47590286
47483718
47483718
47483718
47483718
47483718
47474070
47465608
47417162
47355940
47355940
47355940
47355940
47355940
47355940
47343760
47343760
47343760
47343760
47343760
47343760
47343760
47343760
47343760
47286988
47286988
47286988
47286988
47236458
47231860
47225834
47202910
47181882
47167114
47167114
47167114
47151436
47151436
47151436
47151436
47038996
47038996
47038996
46998554
46998554
46998554
46998554
46939268
46939268
46885474
46885474
46868850
46847574
46847574
46847574
46847574
46844578
46844578
46844578
46844578
46844578
46844578
46834706
46834706
46834706
46634080
46634080
46634080
46634080
46609672
46609672
46609672
46609672
46609672
46609672
46609672
46580482
46580482
46580482
46580482
46580482
46580482
46580482
46580482
46580482
46580482
46580482
46580482
46580482
46580482
46580482
46580482
46580482
46580482
46580482
46541962
46541962
46541962
46541962
46541962
46541962
46541962
46527862
46527862
46527862
46527862
46527862
46527862
46527862
46527862
46499576
46499576
46499576
46494264
46494264
46494264
46494264
46494264
46494264
46494264
46494264
46494264
46494264
46494264
46494264
46476754
46476754
46476754
46476754
46476754
46476754
46476754
46476754
46476754
46476754
46476754
46476754
46462094
46462094
46462094
46420356
46420356
46420356
46420356
46381098
46381098
46381098
46381098
46381098
46381098
46381098
46381098
46381098
46370878
46305252
46305082
46238020
46238020
46238020
46238020
46238020
46238020
46238020
46238020
46238020
46238020
46238020
46238020
46238020
46238020
46238020
46238020
46238020
46238020
46238020
46220196
46168950
46168950
46168950
46168950
46168950
46168950
46143926
46143926
46143926
46143926
46143926
46143926
46143926
46143926
46143926
46143926
46124074
46124074
46124074
46124074
46124074
46115992
46115992
46098316
46098316
46098316
46098316
46098316
46051700
46051700
46051700
46051700
46051700
46051700
46051700
46051700
46051700
46051700
46051700
46051700
46051700
46051700
46051700
46051700
46051700
46051700
46023060
46023060
46023060
46023060
46023060
46023060
46023060
46012018
46012018
46012018
46012018
46012018
46012018
46012018
46012018
46012018
46012018
46012018
46012018
46012018
46012018
46012018
46012018
46012018
46012018
46012018
46012018
46012018
46012018
46012018
46012018
46012018
46012018
46012018
46012018
46012018
46012018
46012018
46012018
46012018
46012018
46012018
46012018
46012018
46012018
45980676
45980676
45980676
45980676
45980676
45980676
45980676
45980676
45980676
45980676
45980676
45980676
45980676
45980676
45980676
45980676
45980676
45980676
45980676
45980676
45980676
45980676
45980676
45980676
45980676
45980676
45980676
45980676
45980676
45980676
45980676
45980676
45974644
45974644
45974644
45974644
45974644
45974644
45974644
45974644
45974644
45974644
45974644
45974644
45971604
45971604
45971604
45971604
45971604
45971604
45954412
45954412
45954412
45954412
45954412
45954412
45954412
45954412
45954412
45928414
45928414
45928414
45928414
45928414
45928414
45928414
45928414
45833224
45833224
45833224
45833224
45833224
45833224
45833224
45702154
45702154
45702154
45702154
45702154
45702154
45702154
45702154
45702154
45702154
45702154
45702154
45702154
45702154
45664244
45664244
45664244
45664244
45664244
45664244
45664244
45664244
45664244
45664244
45664244
45664244
45664244
45664244
45664244
45664244
45664244
45664244
45664244
45664244
45664244
45664244
45664244
45664244
45664244
45660364
45660364
45660364
45660364
45660364
45647836
45647836
45647836
45647836
45647836
45647836
45647836
45647836
45647836
45647836
45647836
45647836
45647836
45647836
45647836
45647836
45647836
45647836
45647738
45647738
45647738
45647738
45647738
45647738
45647738
45647738
45647738
45647738
45647738
45647738
45647738
45647738
45647738
45647738
45647738
45647738
45647738
45647738
45647738
45647738
45647738
45647738
45647738
45647738
45647738
45647738
45647738
45647738
45647738
45647738
45647738
45647738
45647738
45647738
45647738
45647738
45647738
45647738
45647738
45647738
45647738
45647738
45647738
45647738
45647738
45647738
45647738
45647738
45647738
45647738
45647738
45647738
45647738
45593582
45593582
45593582
45593582
45593582
45593582
45593582
45593582
45593582
45593582
45593582
45593582
45593582
45593582
45593582
45593582
45593582
45593582
45593582
45593582
45593582
45593582
45593582
45593582
45593582
45593582
45593582
45593582
45593582
45593582
45593582
45593582
45593582
45593582
45593582
45593582
45593582
45593582
45593582
45593582
45593582
45593582
45593582
45593582
45593582
45593582
45593582
45593582
45593582
45593582
45593582
45593582
45593582
45593582
45593582
45593582
45593582
45593582
45593582
45593582
45593582
45593582
45593582
45587040
45587040
45587040
45587040
45587040
45587040
45587040
45587040
45587040
45587040
45587040
45587040
45587040
45587040
45587040
45587040
45587040
45587040
45587040
45587040
45587040
45587040
45587040
45587040
45587040
45587040
45587040
45587040
45587040
45587040
45587040
45587040
45587040
45587040
45587040
45587040
45587040
45587040
45587040
45587040
45587040
45587040
45587040
45587040
45587040
45587040
45587040
45587040
45587040
45587040
45587040
45587040
45587040
45587040
45587040
45587040
45587040
45587040
45587040
45535322
45535322
45535322
45535322
45535322
45535322
45535322
45535322
45535322
45535322
45535322
45535322
45535322
45535322
45535322
45535322
45535322
45535322
45535322
45535322
45535322
45535322
45535322
45535322
45535322
45535322
45535322
45535322
45535322
45535322
45535322
45535322
45535322
45535322
45535322
45535322
45535322
45535322
45535322
45535322
45535322
45535322
45535322
45535322
45535322
45535322
45535322
45535322
45535322
45535322
45535322
45535322
45535322
45535322
45535322
45535322
45535322
45535322
45535322
45535322
45535322
45535322
45535322
45535322
45535322
45535322
45535322
45535322
45535322
45535322
45535322
45535322
45535322
45535322
45535322
45535322
45535322
45535322
45535322
45535322
45535322
45535322
45535322
45535322
45535322
45535322
45535322
45535322
45535322
45535322
45535322
45535322
45493480
45493480
45493480
45493480
45493480
45493480
45493480
45493480
45493480
45493480
45493480
45493480
45493480
45493480
45493480
45493480
45493480
45493480
45493480
45493480
45493480
45493480
45493480
45493480
45493480
45493480
45493480
45493480
45493480
45493480
45493480
45493480
45493480
45493480
45493480
45493480
45493480
45493480
45493480
45493480
45493480
45493480
45493480
45493480
45493480
45493480
45493480
45477920
45477920
45477920
45477920
45477920
45477920
45477920
45477920
45466088
45466088
45466088
45466088
45466088
45466088
45466088
45466088
45466088
45466088
45466088
45466088
45466088
45466088
45466088
45466088
45466088
45466088
45466088
45466088
45466088
45466088
45466088
45466088
45466088
45466088
45466088
45466088
45466088
45466088
45466088
45466088
45466088
45466088
45466088
45466088
45466088
45466088
45466088
45466088
45466088
45466088
45466088
45458696
45458696
45458696
45458696
45458696
45458696
45458696
45458696
45458696
45458696
45458696
45458696
45458696
45458696
45458696
45458696
45458696
45458696
45458696
45458696
45458696
45458696
45458696
45458696
45458696
45458696
45458696
45458696
45458696
45458696
45458696
45458696
45458696
45458696
45458696
45458696
45458696
45458696
45458696
45458696
45458696
45458696
45458696
45458696
45458696
45458696
45458696
45458696
45458696
45458696
45458696
45458696
45458696
45458696
45458696
45458696
45458696
45458696
45458696
45458696
45458696
45458696
45458696
45449284
45449284
45449284
45449284
45449284
45449284
45449284
45449284
45449284
45449284
45449284
45449284
45449284
45449284
45449284
45449284
45449284
45449284
45449284
45449284
45449284
45449284
45449284
45449284
45438972
45438972
45438972
45438972
45438972
45438972
45438972
45438972
45438972
45438972
45438972
45438972
45438972
45438972
45438972
45438972
45438972
45438972
45438972
45438972
45438972
45438972
45438972
45438972
45438972
45438972
45438972
45438972
45438972
45438972
45438972
45438972
45438972
45438972
45438972
45438972
45438972
45438972
45438972
45438972
45438972
45438972
45438972
45438972
45438972
45438972
45438972
45438972
45438972
45438972
45438972
45438972
45438972
45438972
45438972
45414240
45414240
45414240
45414240
45414240
45414240
45414240
45414240
45414240
45414240
45414240
45414240
45414240
45414240
45414240
45414240
45414240
45414240
45414240
45414240
45414240
45414240
45414240
45414240
45414240
45414240
45414240
45414240
45414240
45414240
45414240
45414240
45414240
45414240
45414240
45414240
45414240
45414240
45414240
45414240
45414240
45414240
45414240
45414240
45414240
45414240
45414240
45414240
45414240
45414240
45414240
45414240
45414240
45414240
45414240
45414240
45414240
45414240
45414240
45414240
45414240
45414240
45414240
45414240
45414240
45414240
45414240
45414240
45414240
45414240
45414240
45414240
45414240
45414240
45414240
45414240
45414240
45414240
45414240
45414240
45414240
45414240
45414240
45414240
45414240
45414240
45414240
45414240
45414240
45414240
45414240
45414240
45414240
45414240
45414240
45414240
45414240
45414240
45414240
45414240
45414240
45414240
45414240
45414240
45414240
45414240
45414240
45414240
45414240
45414240
45414240
45414240
45414240
45414240
45414240
45414240
45414240
45414240
45414240
45414240
45414240
45414240
45414240
45414240
45414240
45414240
45414240
45414240
45414240
45414240
45414240
45414240
45414240
45414240
45414240
45414240
45414240
45414240
45414240
45414240
45414240
45414240
45414240
45414240
45414240
45414240
45414240
45414240
45414240
45414240
45414240
45414240
45414240
45414240
45414240
45414240
45414240
45414240
45414240
45414240
45414240
45414240
45414240
45414240
45414240
45414240
45414240
45414240
45414240
45414240
45414240
45414240
45414240
45414240
45414240
45414240
45414240
45414240
45414240
45414240
45414240
45414240
45414240
45414240
45414240
45414240
45414240
45414240
45414240
45414240
45414240
45414240
45414240
45414240
45371176
45371176
45371176
45371176
45371176
45371176
45371176
45371176
45371176
45371176
45371176
45371176
45371176
45371176
45371176
45371176
45371176
45371176
45371176
45371176
45371176
45371176
45371176
45371176
45371176
45371176
45371176
45371176
45371176
45371176
45371176
45371176
45371176
45371176
45371176
45371176
45371176
45371176
45371176
45371176
45371176
45371176
45371176
45371176
45371176
45371176
45371176
45371176
45371176
45371176
45371176
45371176
45371176
45371176
45371176
45371176
45371176
45371176
45371176
45371176
45371176
45371176
45371176
45371176
45371176
45371176
45371176
45371176
45371176
45371176
45371176
45371176
45371176
45371176
45371176
45371176
45371176
45371176
45371176
45371176
45371176
45371176
45371176
45371176
45371176
45371176
45371176
45371176
45371176
45371176
45371176
45371176
45371176
45371176
45371176
45371176
45371176
45371176
45371176
45371176
45371176
45371176
45371176
45371176
45371176
45371176
45371176
45371176
45371176
45371176
45371176
45371176
45371176
45371176
45371176
45371176
45371176
45371176
45371176
45371176
45371176
45371176
45371176
45371176
45371176
45371176
45371176
45371176
45371176
45371176
45371176
45371176
45371176
45371176
45371176
45349042
45349042
45349042
45349042
45349042
45349042
45349042
45349042
45349042
45349042
45349042
45349042
45349042
45349042
45349042
45349042
45349042
45349042
45349042
45349042
45349042
45349042
45349042
45349042
45349042
45349042
45312772
45312772
45312772
45312772
45312772
45312772
45312772
45312772
45312772
45312772
45312772
45312772
45312772
45312772
45312772
45312772
45312772
45312772
45312772
45312772
45312772
45312772
45312772
45312772
45312772
45312772
45312772
45312772
45312772
45312772
45312772
45312772
45312772
45312772
45312772
45312772
45312772
45312772
45312772
45312772
45312772
45312772
45312772
45312772
45312772
45312772
45312772
45312772
45312772
45312772
45312772
45312772
45312772
45312772
45312772
45312772
45312772
45312772
45312772
45312772
45312772
45312772
45312772
45312772
45312772
45312772
45312772
45312772
45312772
45312772
45312772
45312772
45312772
45312772
45312772
45312772
45312772
45312772
45312772
45312772
45312772
45312772
45312772
45312772
45312772
45312772
45312772
45312772
45312772
45312772
45312772
45312772
45312772
45312772
45312772
45312772
45312772
45312772
45312772
45312772
45312772
45312772
45312772
45312772
45312772
45312772
45312772
45312772
45312772
45312772
45312772
45312772
45312772
45312772
45312772
45312772
45312772
45312772
45312772
45312772
45312772
45312772
45312772
45312772
45312772
45312772
45312772
45312772
45312772
45312772
45312772
45312772
45312772
45312772
45312772
45312772
45312772
45312772
45312772
45312772
45312772
45312772
45312772
45312772
45312772
45312772
45312772
45312772
45312772
45312772
45312772
45312772
45312772
45312772
45312772
45312772
45312772
45312772
45312772
45312772
45312772
45312772
45312772
45312772
45312772
45312772
45312772
45312772
45312772
45312772
45312772
45312772
45312772
45312772
45309214
45309214
45309214
45309214
45309214
45309214
45309214
45309214
45309214
45309214
45309214
45309214
45309214
45309214
45309214
45309214
45309214
45309214
45309214
45309214
45309214
45309214
45309214
45309214
45309214
45309214
45309214
45309214
45309214
45309214
45309214
45309214
45309214
45309214
45309214
45309214
45309214
45309214
45309214
45309214
45309214
45309214
45309214
45309214
45309214
45309214
45309214
45309214
45309214
45309214
45309214
45309214
45309214
45309214
45309214
45309214
45309214
45309214
45309214
45309214
45309214
45309214
45309214
45309214
45309214
45309214
45309214
45309214
45309214
45309214
45309214
45309214
45309214
45309214
45309214
45309214
45309214
45309214
45309214
45309214
45309214
45309214
45309214
45309214
45309214
45309214
45309214
45309214
45309214
45309214
45309214
45309214
45309214
45309214
45309214
45309214
45309214
45309214
45309214
45309214
45309214
45309214
45309214
45309214
45309214
45309214
45309214
45309214
45309214
45309214
45309214
45309214
45309214
45309214
45309214
45309214
45309214
45309214
45309214
45309214
45309214
45309214
45309214
45309214
45309214
45309214
45309214
45309214
45309214
45309214
45309214
45309214
45309214
45309214
45309214
45309214
45309214
45309214
45309214
45309214
45309214
45309214
45309214
45309214
45309214
45309214
45309214
45309214
45309214
45309214
45309214
45309214
45309214
45309214
45309214
45309214
45309214
45309214
45301470
45301470
45301470
45301470
45297162
45297162
45297162
45297162
45297162
45297162
45297162
45297162
45297162
45297162
45297162
45297162
45297162
45297162
45297162
45297162
45297162
45297162
45297162
45297162
45297162
45297162
45297162
45297162
45297162
45297162
45297162
45297162
45297162
45297162
45297162
45297162
45297162
45297162
45297162
45297162
45297162
45297162
45297162
45297162
45297162
45297162
45297162
45297162
45297162
45297162
45297162
45297162
45297162
45297162
45288116
45288116
45288116
45288116
45288116
45288116
45288116
45288116
45288116
45288116
45288116
45288116
45288116
45288116
45288116
45288116
45288116
45288116
45288116
45288116
45288116
45288116
45288116
45278110
45278110
45278110
45278110
45255208
45255208
45255208
45255208
45255208
45255208
45255208
45255208
45255208
45255208
45255208
45255208
45255208
45255208
45255208
45255208
45255208
45255208
45255208
45255208
45255208
45255208
45255208
45255208
45255208
45255208
45255208
45255208
45255208
45255208
45255208
45255208
45255208
45255208
45255208
45255208
45255208
45255208
45255208
45255208
45255208
45255208
45255208
45255208
45255208
45255208
45255208
45255208
45255208
45255208
45255208
45255208
45255208
45255208
45255208
45255208
45255208
45255208
45255208
45255208
45255208
45255208
45255208
45255208
45255208
45255208
45255208
45255208
45255208
45255208
45255208
45255208
45255208
45255208
45255208
45255208
45255208
45255208
45255208
45255208
45255208
45255208
45255208
45255208
45255208
45255208
45255208
45255208
45255208
45255208
45255208
45255208
45255208
45255208
45255208
45255208
45255208
45255208
45255208
45255208
45255208
45255208
45255208
45255208
45255208
45255208
45255208
45255208
45255208
45255208
45255208
45255208
45255208
45255208
45255208
45255208
45255208
45255208
45255208
45255208
45255208
45255208
45255208
45255208
45255208
45255208
45255208
45255208
45255208
45255208
45255208
45255208
45255208
45255208
45255208
45255208
45255208
45255208
45255208
45255208
45255208
45255208
45255208
45255208
45255208
45255208
45255208
45255208
45255208
45255208
45255208
45255208
45255208
45255208
45255208
45255208
45255208
45255208
45255208
45255208
45255208
45255208
45255208
45255208
45255208
45255208
45255208
45255208
45255208
45255208
45255208
45255208
45255208
45255208
45255208
45255208
45255208
45255208
45255208
45255208
45255208
45255208
45255208
45255208
45255208
45255208
45255208
45255208
45255208
45255208
45255208
45255208
45255208
45255208
45255208
45255208
45255208
45255208
45255208
45255208
45255208
45255208
45255208
45255208
45255208
45255208
45255208
45255208
45255208
45255208
45255208
Segundos empleados: 90.2870