51693172
51228736
51073756
50794822
50606798
50583290
50343476
50189182
50188836
50119754
49961644
49953266
49896380
49832150
49832150
49574778
49062532
49041592
48826476
48657418
48646136
48466770
48439592
48439164
48388160
48140758
48124458
48085320
48028756
47979066
47923100
47877220
47854714
47826244
47746594
47726172
47700686
47685146
47680210
47669136
47669136
47647788
47610898
47572086
47519064
47507566
47426610
47403898
47288948
47257484
47249670
47248068
47233446
47217820
47182366
47096812
47059046
47049302
46991796
46894746
46893322
46892378
46846470
46827982
46748710
46567814
46563940
46563940
46562472
46562472
46519806
46510172
46464306
46464306
46416654
46385532
46378588
46313018
46313018
46311216
46297324
46293188
46290740
46281784
46207478
46204858
46185088
46172952
46150060
46150060
46132946
46113808
46116040
46113808
46060934
46011466
46004884
45941474
45893116
45835456
45824798
45777008
45742920
45724018
45724018
45680290
45674914
45612900
45568270
45553512
45508090
45502712
45502306
45502302
45499856
45491388
45488544
45444554
45396372
45395700
45382920
45352384
45342828
45324728
45324482
45322630
45313868
45312620
45298790
45253716
45242384
45207848
45180218
45160560
45194024
45175958
45165194
45157814
45148278
45138648
45120424
45116884
45116638
45115874
45095926
45095926
45055272
45058812
45055272
45049750
Segundos empleados: 70.8333
