109746
109746
109746
109746
109746
109720
109627
109627
109627
109627
109627
109528
109528
109528
109528
109528
109528
109528
109528
109528
109528
109528
109528
109528
109528
109528
109528
109528
109528
109528
109528
109528
109528
109528
109515
109515
109515
109515
109515
109515
109515
109515
109515
109472
109472
109472
109472
109472
109472
109472
109472
109472
109472
109472
109472
109472
109472
109472
109472
109472
109472
109472
109472
109472
109472
109472
109472
109447
109429
109429
109429
109429
109429
109424
109424
109424
109424
109424
109424
109424
109424
109424
109424
109424
109424
109424
109424
109299
109299
109299
109299
109299
109299
109299
109299
109290
109270
109270
109270
109270
109270
109270
109270
109270
109270
109270
109270
109270
109270
109270
109270
109270
109270
109270
109270
109270
109270
109270
109270
109270
109270
109270
109270
109270
109270
109270
109270
109270
109270
109270
109270
109270
109270
109270
109270
109270
109270
109270
109270
109270
109270
109270
109270
109270
109270
109270
109270
109270
109270
109270
109270
109270
109270
109270
109270
109270
109270
109270
109270
109270
109270
109270
109270
109270
109270
109270
109270
109270
109270
109270
109270
109270
109270
109270
109270
109270
109270
109270
109270
109270
109270
109270
109270
109270
109270
109270
109270
109270
109270
109270
109270
109270
109270
109270
109270
109270
109270
109270
109270
109270
109270
109270
109270
109270
109270
109270
109270
109270
109270
109270
109270
109270
109270
109270
109270
109270
109270
109270
109270
109270
109270
109270
109270
109270
109270
109270
109270
109270
109270
109270
109270
109270
109270
109270
109270
109270
109270
109270
109270
109270
109270
109270
109270
109270
109270
109270
109270
109270
109270
109270
109270
109270
109270
109270
109270
109270
109270
109270
109270
109270
109270
109270
109270
109270
109270
109270
109270
109270
109270
109270
109270
109270
109270
109270
109270
109270
109270
109270
109270
109270
109270
109270
109270
109270
109270
109270
109270
109270
109270
109270
109270
109270
109270
109270
109270
109270
109270
109270
109270
109270
109270
109270
109270
109270
109270
109270
109270
109270
109270
109270
109270
109270
109270
109270
109270
109270
109270
109270
109270
109270
109270
109270
109270
109270
109270
109270
109270
109270
109270
109270
109270
109270
109270
109270
109270
109270
109270
109270
109270
109270
109270
109270
109270
109270
109270
109270
109270
109270
109270
109270
109270
109270
109270
109270
109270
109270
109270
109270
109270
109270
109270
109270
109270
109270
109270
109270
109270
109270
109270
109270
109270
109270
109270
109270
109270
109270
109270
109270
109270
109270
109270
109270
109270
109270
109270
109270
109270
109270
109270
109270
109270
109270
109270
109270
109270
109270
109270
109270
109270
109270
109270
109270
109270
109270
109270
109270
109270
109270
109270
109270
109270
109270
109270
109270
109270
109270
109270
109270
109270
109270
109270
109270
109270
109270
109270
109270
109270
109270
109270
109270
109270
109270
109270
109270
109270
109270
109270
109270
109270
109270
109270
109270
109270
109270
109270
109270
109270
109270
109270
109270
109270
109270
109270
109270
109270
109270
109270
109270
109270
109270
109270
109270
109270
109270
109270
109270
109270
109270
109270
109270
109270
109270
109270
109270
109270
109270
109270
109270
109270
109270
109270
109270
109270
109270
109270
109270
109270
109270
109270
109270
109270
109270
109270
109270
109270
109270
109270
109270
109270
109270
Segundos empleados: 1.27632
