50721034
50721034
50721034
50721034
50414560
50414560
50295400
50295400
50295400
50053124
49983942
49643260
49643260
49622166
49622166
49532742
49513544
49451182
49433006
49370026
49287398
49223304
49223304
48874216
48874216
48874216
48874216
48869442
48869442
48869442
48772246
48772246
48641864
48503540
48391862
48391862
48391862
48391862
48375512
48292266
48231864
48186616
48164878
48164878
48164878
48128664
48128664
48124270
48022784
48000624
48000624
48000624
47782604
47782604
47782604
47782604
47696874
47642458
47642458
47381014
47381014
47298352
47286682
47286682
47285764
47213968
47213968
47165884
47091994
47091994
47091994
47091994
47043460
47043460
47043460
47043460
47043460
47022130
46965908
46965908
46965908
46965908
46937874
46915450
46915450
46891960
46891960
46891960
46891960
46884656
46884656
46884656
46884656
46884656
46884656
46884656
46870788
46870788
46854236
46854236
46848942
46848942
46848942
46848942
46848942
46848942
46848942
46848942
46848942
46848942
46848942
46848942
46848942
46848942
46848942
46848942
46848942
46848942
46848942
46848942
46848942
46848942
46848942
46848942
46848942
46848942
46848942
46848942
46848942
46848942
46848942
46848942
46848942
46848942
46848942
46848942
46848942
46848942
46848942
46848942
46848942
46848942
46848942
46848942
46848942
46848942
46848942
46848942
46848942
46848942
46848942
46848942
46848942
46848942
46848942
46848942
46848942
46848942
46848942
46848942
46848942
46848942
46848942
46848942
46848942
46848942
46848942
46848942
46848942
46848942
46848942
46848942
46848942
46848942
46848942
46848942
46848942
46848942
46848942
46848942
46848942
46848942
46848942
46848942
46848942
46848942
46848942
46848942
46848942
46848942
46848942
46848942
46848942
46848942
46848942
46848942
46848942
46848942
46848942
46848942
46848942
46848942
46848942
46848942
46848942
46848942
46848942
46848942
46848942
46848942
46848942
46848942
46848942
46848942
46848942
46848942
46848942
46848942
46848942
46848942
46848942
46848942
46848942
46848942
46848942
46848942
46848942
46848942
46848942
46848942
46848942
46848942
46848942
46848942
46848942
46848942
46848942
46848942
46848942
46848942
46848942
46848942
46848942
46848942
46848942
46848942
46848942
46848942
46848942
46848942
46848942
46848942
46848942
46848942
46848942
46848942
46848942
46848942
46848942
46848942
46848942
46848942
46848942
46848942
46848942
46848942
46848942
46848942
46848942
46848942
46848942
46848942
46848942
46848942
46848942
46848942
46848942
46848942
46848942
46848942
46848942
46848942
46848942
46848942
46848942
46848942
46848942
46848942
46848942
46848942
46848942
46848942
46848942
46848942
46848942
46848942
46848942
46848942
46848942
46848942
46848942
46848942
46848942
46848942
46848942
46848942
46848942
46848942
46848942
46848942
46848942
46848942
46848942
46848942
46848942
46848942
46848942
46848942
46848942
46848942
46848942
46848942
46848942
46848942
46848942
46848942
46848942
46848942
46848942
46848942
46848942
46848942
46848942
46848942
46848942
46848942
46848942
46848942
46848942
46848942
46848942
46848942
46848942
46848942
46848942
46848942
46848942
46848942
46848942
46848942
46848942
46848942
46848942
46848942
46848942
46848942
46848942
46848942
46848942
46848942
46848942
46848942
46848942
46848942
46848942
46848942
46848942
46848942
46848942
46848942
46848942
46848942
46848942
46848942
46848942
46848942
46848942
46848942
46848942
46848942
46848942
46848942
46848942
46848942
46848942
46848942
46848942
46848942
46848942
46848942
46848942
46848942
46848942
46848942
46848942
46848942
46848942
46848942
46848942
46848942
46848942
46848942
46848942
46848942
46848942
46848942
46848942
46848942
46848942
46848942
46848942
46848942
46848942
46848942
46848942
46848942
46848942
46848942
46848942
46848942
46848942
46848942
46848942
46848942
46848942
46848942
46848942
46848942
46848942
46848942
46848942
46848942
46848942
46848942
46848942
46848942
46848942
46848942
46848942
46848942
46848942
46848942
46848942
46848942
46848942
46848942
46848942
46848942
46848942
46848942
46848942
46848942
46848942
46848942
46848942
46848942
46848942
46848942
46848942
46848942
46848942
46848942
46848942
46848942
46848942
46848942
46848942
46848942
46848942
46848942
46848942
46848942
46848942
46848942
46848942
46848942
46848942
46848942
46848942
46848942
46848942
46848942
46848942
46848942
46848942
46848942
46848942
46848942
46848942
46848942
46848942
46848942
46848942
46848942
46848942
46848942
46848942
46848942
46848942
46848942
46848942
46848942
46848942
46848942
46848942
46848942
46848942
46848942
46848942
46848942
46848942
46848942
46848942
46848942
46848942
46848942
46848942
46848942
46848942
46848942
46848942
46848942
46848942
46848942
46848942
46848942
46848942
46848942
46848942
46848942
46848942
46848942
46848942
46848942
46848942
46848942
46848942
46848942
46848942
46848942
46848942
46848942
46848942
46848942
46848942
46848942
46848942
46848942
46848942
46848942
46848942
46848942
46848942
46848942
46848942
46848942
46848942
46848942
46848942
46848942
46848942
46848942
46848942
46848942
46848942
46848942
46848942
46848942
46848942
46848942
46848942
46848942
46848942
46848942
46848942
46848942
46848942
46848942
46848942
46848942
46848942
46848942
46848942
46848942
46848942
46848942
46848942
46848942
46848942
46848942
46848942
46848942
46848942
46848942
46848942
46848942
46848942
46848942
46848942
46848942
46848942
46848942
46848942
46848942
46848942
46848942
46848942
46848942
46848942
46848942
46848942
46848942
46848942
46848942
46848942
46848942
46848942
46848942
46848942
46848942
46848942
46848942
46848942
46848942
46848942
46848942
46848942
46848942
46848942
46848942
46848942
46848942
46848942
46848942
46848942
46848942
46848942
46848942
46848942
46848942
46848942
46848942
46848942
46848942
46848942
46848942
46848942
46848942
46848942
46848942
46848942
46848942
46848942
46848942
46848942
46848942
46848942
46848942
46848942
46848942
46848942
46848942
46848942
46848942
46848942
46848942
46848942
46848942
46848942
46848942
46848942
46848942
46848942
46848942
46848942
46848942
46848942
46848942
46848942
46848942
46848942
46848942
46848942
46848942
46848942
46848942
46848942
46848942
46848942
46848942
46848942
46848942
46848942
46848942
46848942
46848942
46848942
46848942
46848942
46848942
46848942
46848942
46848942
46848942
46848942
46848942
46848942
46848942
46848942
46848942
46848942
46848942
46848942
46848942
46848942
46848942
46848942
46848942
46848942
46848942
46848942
46848942
46848942
46848942
46848942
46848942
46848942
46848942
46848942
46848942
46848942
46848942
46848942
46848942
46848942
46848942
46848942
46848942
46848942
46848942
46848942
46848942
46848942
46848942
46848942
46848942
46848942
46848942
46848942
46848942
46848942
46848942
46848942
46848942
46848942
46848942
46848942
46848942
46848942
46848942
46848942
46848942
46848942
46848942
46848942
46848942
46848942
46848942
46848942
46848942
46848942
46848942
46848942
46848942
46848942
46848942
46848942
46848942
46848942
46848942
46848942
46848942
46848942
46848942
46848942
46848942
46848942
46848942
46848942
46848942
46848942
46848942
46848942
46848942
46848942
46848942
46848942
46848942
46848942
46848942
46848942
46848942
46848942
46848942
46848942
46848942
46848942
46848942
46848942
46848942
46848942
46848942
46848942
46848942
46848942
46848942
46848942
46848942
46848942
46848942
46848942
46848942
46848942
46848942
46848942
46848942
46848942
46848942
46848942
46848942
46848942
46848942
46848942
46848942
46848942
46848942
46848942
46848942
46848942
46848942
46848942
46848942
46848942
46848942
46848942
46848942
46848942
46848942
46848942
46848942
46848942
46848942
46848942
46848942
46848942
46848942
46848942
46848942
46848942
46848942
46848942
46848942
46848942
46848942
46848942
46848942
46848942
46848942
46848942
46848942
46848942
46848942
46848942
46848942
46848942
46848942
46848942
46848942
46848942
46848942
46848942
46848942
46848942
46848942
46848942
46848942
46848942
46848942
46848942
46848942
46848942
46848942
46848942
46848942
46848942
46848942
46848942
46848942
46848942
46848942
46848942
46848942
46848942
46848942
46848942
46848942
46848942
46848942
46848942
46848942
46848942
46848942
46848942
46848942
46848942
46848942
46848942
46848942
46848942
46848942
46848942
46848942
46848942
46848942
46848942
46848942
46848942
46848942
46848942
46848942
46848942
46848942
46848942
46848942
46848942
46848942
46848942
46848942
46848942
46848942
46848942
46848942
46848942
46848942
46848942
46848942
46848942
46848942
46848942
46848942
46848942
46848942
46848942
46848942
46848942
46848942
46848942
46848942
46848942
46848942
46848942
46848942
46848942
46848942
46848942
46848942
46848942
46848942
46848942
46848942
46848942
46848942
46848942
46848942
46848942
46848942
46848942
46848942
46848942
46848942
46848942
46848942
46848942
46848942
46848942
46848942
46848942
46848942
46848942
46848942
46848942
46848942
46848942
46848942
46848942
46848942
46848942
46848942
46848942
46848942
46848942
46848942
46848942
46848942
46848942
46848942
46848942
46848942
46848942
46848942
46848942
46848942
46848942
46848942
46848942
46848942
46848942
46848942
46848942
46848942
46848942
46848942
46848942
46848942
46848942
46848942
46848942
46848942
46848942
46848942
46848942
46848942
46848942
46848942
46848942
46848942
46848942
46848942
46848942
46848942
46848942
46848942
46848942
46848942
46848942
46848942
46848942
46848942
46848942
46848942
46848942
46848942
46848942
46848942
46848942
46848942
46848942
46848942
46848942
46848942
46848942
46848942
46848942
46848942
46848942
46848942
46848942
46848942
46848942
46848942
46848942
46848942
46848942
46848942
46848942
46848942
46848942
46848942
46848942
46848942
46848942
46848942
46848942
46848942
46848942
46848942
46848942
46848942
46848942
46848942
46848942
46848942
46848942
46848942
46848942
46848942
46848942
46848942
46848942
46848942
46848942
46848942
46848942
46848942
46848942
46848942
46848942
46848942
46848942
46848942
46848942
46848942
46848942
46848942
46848942
46848942
46848942
46848942
46848942
46848942
46848942
46848942
46848942
46848942
46848942
46848942
46848942
46848942
46848942
46848942
46848942
46848942
46848942
46848942
46848942
46848942
46848942
46848942
46848942
46848942
46848942
46848942
46848942
46848942
46848942
46848942
46848942
46848942
46848942
46848942
46848942
46848942
46848942
46848942
46848942
46848942
46848942
46848942
46848942
46848942
46848942
46848942
46848942
46848942
46848942
46848942
46848942
46848942
46848942
46848942
46848942
46848942
46848942
46848942
46848942
46848942
46848942
46848942
46848942
46848942
46848942
46848942
46848942
46848942
46848942
46848942
46848942
46848942
46848942
46848942
46848942
46848942
46848942
46848942
46848942
46848942
46848942
46848942
46848942
46848942
46848942
46848942
46848942
46848942
46848942
46848942
46848942
46848942
46848942
46848942
46848942
46848942
46848942
46848942
46848942
46848942
46848942
46848942
46848942
46848942
46848942
46848942
46848942
46848942
46848942
46848942
46848942
46848942
46848942
46848942
46848942
46848942
46848942
46848942
46848942
46848942
46848942
46848942
46848942
46848942
46848942
46848942
46848942
46848942
46848942
46848942
46848942
46848942
46848942
46848942
46848942
46848942
46848942
46848942
46848942
46848942
46848942
46848942
46848942
46848942
46848942
46848942
46848942
46848942
46848942
46848942
46848942
46848942
46848942
46848942
46848942
46848942
46848942
46848942
46848942
46848942
46848942
46848942
46848942
46848942
46848942
46848942
46848942
46848942
46848942
46848942
46848942
46848942
46848942
46848942
46848942
46848942
46848942
46848942
46848942
46848942
46848942
46848942
46848942
46848942
46848942
46848942
46848942
46848942
46848942
46848942
46848942
46848942
46848942
46848942
46848942
46848942
46848942
46848942
46848942
46848942
46848942
46848942
46848942
46848942
46848942
46848942
46848942
46848942
46848942
46848942
46848942
46848942
46848942
46848942
46848942
46848942
46848942
46848942
46848942
46848942
46848942
46848942
46848942
46848942
46848942
46848942
46848942
46848942
46848942
46848942
46848942
46848942
46848942
46848942
46848942
46848942
46848942
46848942
46848942
46848942
46848942
46848942
46848942
46848942
46848942
46848942
46848942
46848942
46848942
46848942
46848942
46848942
46848942
46848942
46848942
46848942
46848942
46848942
46848942
46848942
46848942
46848942
46848942
46848942
46848942
46848942
46848942
46848942
46848942
46848942
46848942
46848942
46848942
46848942
46848942
46848942
46848942
46848942
46848942
46848942
46848942
46848942
46848942
46848942
46848942
46848942
46848942
46848942
46848942
46848942
46848942
46848942
46848942
46848942
46848942
46848942
46848942
46848942
46848942
46848942
46848942
46848942
46848942
46848942
46848942
46848942
46848942
46848942
46848942
46848942
46848942
46848942
46848942
46848942
46848942
46848942
46848942
46848942
46848942
46848942
46848942
46848942
46848942
46848942
46848942
46848942
46848942
46848942
46848942
46848942
46848942
46848942
46848942
46848942
46848942
46848942
46848942
46848942
46848942
46848942
46848942
46848942
46848942
46848942
46848942
46848942
46848942
46848942
46848942
46848942
46848942
46848942
46848942
46848942
46848942
46848942
46848942
46848942
46848942
46848942
46848942
46848942
46848942
46848942
46848942
46848942
46848942
46848942
46848942
46848942
46848942
46848942
46848942
46848942
46848942
46848942
46848942
46848942
46848942
46848942
46848942
46848942
46848942
46848942
46848942
46848942
46848942
46848942
46848942
46848942
46848942
46848942
46848942
46848942
46848942
46848942
46848942
46848942
46848942
46848942
46848942
46848942
46848942
46848942
46848942
46848942
46848942
46848942
46848942
46848942
46848942
46848942
46848942
46848942
46848942
46848942
46848942
46848942
46848942
46848942
46848942
46848942
46848942
46848942
46848942
46848942
46848942
46848942
46848942
46848942
46848942
46848942
46848942
46848942
46848942
46848942
46848942
46848942
46848942
46848942
46848942
46848942
46848942
46848942
46848942
46848942
46848942
46848942
46848942
46848942
46848942
46848942
46848942
46848942
46848942
46848942
46848942
46848942
46848942
46848942
46848942
46848942
46848942
46848942
46848942
46848942
46848942
46848942
46848942
46848942
46848942
46848942
46848942
46848942
46848942
46848942
46848942
46848942
46848942
46848942
46848942
46848942
46848942
46848942
46848942
46848942
46848942
46848942
46848942
46848942
46848942
46848942
46848942
46848942
46848942
46848942
46848942
46848942
46848942
46848942
46848942
46848942
46848942
46848942
46848942
46848942
46848942
46848942
46848942
46848942
46848942
46848942
46848942
46848942
46848942
46848942
46848942
46848942
46848942
46848942
46848942
46848942
46848942
46848942
46848942
46848942
46848942
46848942
46848942
46848942
46848942
46848942
46848942
46848942
46848942
46848942
46848942
46848942
46848942
46848942
46848942
46848942
46848942
46848942
46848942
46848942
46848942
46848942
46848942
46848942
46848942
46848942
46848942
46848942
46848942
46848942
46848942
46848942
46848942
46848942
46848942
46848942
46848942
46848942
46848942
46848942
46848942
46848942
46848942
46848942
46848942
46848942
46848942
46848942
46848942
46848942
46848942
46848942
46848942
46848942
46848942
46848942
46848942
46848942
46848942
46848942
46848942
46848942
46848942
46848942
46848942
46848942
46848942
46848942
46848942
46848942
46848942
46848942
46848942
46848942
46848942
46848942
46848942
46848942
46848942
46848942
46848942
46848942
46848942
46848942
46848942
46848942
46848942
46848942
46848942
46848942
46848942
46848942
46848942
46848942
46848942
46848942
46848942
46848942
46848942
46848942
46848942
46848942
46848942
46848942
46848942
46848942
46848942
46848942
46848942
46848942
46848942
46848942
46848942
46848942
46848942
46848942
46848942
46848942
46848942
46848942
46848942
46848942
46848942
46848942
46848942
46848942
46848942
46848942
46848942
46848942
46848942
46848942
46848942
46848942
46848942
46848942
46848942
46848942
46848942
46848942
46848942
46848942
46848942
46848942
46848942
46848942
46848942
46848942
46848942
46848942
46848942
46848942
46848942
46848942
46848942
46848942
46848942
46848942
46848942
46848942
46848942
46848942
46848942
46848942
46848942
46848942
46848942
46848942
46848942
46848942
46848942
46848942
46848942
46848942
46848942
46848942
46848942
46848942
46848942
46848942
46848942
46848942
46848942
46848942
46848942
46848942
46848942
46848942
46848942
46848942
46848942
46848942
46848942
46848942
46848942
46848942
46848942
46848942
46848942
46848942
46848942
46848942
46848942
46848942
46848942
46848942
46848942
46848942
46848942
46848942
46848942
46848942
46848942
46848942
46848942
46848942
46848942
46848942
46848942
46848942
46848942
46848942
46848942
46848942
46848942
46848942
46848942
46848942
46848942
46848942
46848942
46848942
46848942
46848942
46848942
46848942
46848942
46848942
46848942
46848942
46848942
46848942
46848942
46848942
46848942
46848942
46848942
46848942
46848942
46848942
46848942
46848942
46848942
46848942
46848942
46848942
46848942
46848942
46848942
46848942
46848942
46848942
46848942
46848942
46848942
46848942
46848942
46848942
46848942
46848942
46848942
46848942
46848942
46848942
46848942
46848942
46848942
46848942
46848942
46848942
46848942
46848942
46848942
46848942
46848942
46848942
46848942
46848942
46848942
46848942
46848942
46848942
46848942
46848942
46848942
46848942
46848942
46848942
46848942
46848942
46848942
46848942
46848942
46848942
46848942
46848942
46848942
46848942
46848942
46848942
46848942
46848942
46848942
46848942
46848942
46848942
46848942
46848942
46848942
46848942
46848942
46848942
46848942
46848942
46848942
46848942
46848942
46848942
46848942
46848942
46848942
46848942
46848942
46848942
46848942
46848942
46848942
46848942
46848942
46848942
46848942
46848942
46848942
46848942
46848942
46848942
46848942
46848942
46848942
46848942
46848942
46848942
46848942
46848942
46848942
46848942
46848942
46848942
Segundos empleados: 211.159
