50656198
50589556
50483512
50483512
50307684
50113478
49987008
49831196
49831196
49831196
49831196
49831196
49598330
49559332
49559332
49484832
49484832
49484832
49484832
49484832
49484832
49484832
49368324
49293252
49293252
49293252
49260674
49260674
49175568
49175568
49175388
49175388
48967894
48900752
48726518
48726518
48726518
48628362
48537516
48537516
48537516
48537516
48537516
48537516
48522976
48374744
48374744
48374744
48374744
48374744
48298574
48298574
48298574
48298574
48298574
48298574
48298574
48248910
48248910
48207594
48207594
48207594
48059988
48059988
48059988
48059988
48059988
48059988
48059988
48014282
47958206
47958206
47958206
47845614
47845614
47845614
47835606
47835606
47835606
47835606
47835606
47753324
47753324
47753324
47753324
47753324
47753324
47753324
47753324
47727538
47727538
47465058
47465058
47465058
47465058
47465058
47465058
47465058
47465058
47465058
47465058
47465058
47465058
47465058
47465058
47465058
47465058
47465058
47465058
47465058
47465058
47465058
47465058
47465058
47465058
47465058
47465058
47465058
47465058
47465058
47465058
47465058
47465058
47465058
47465058
47465058
47465058
47465058
47465058
47465058
47465058
47465058
47465058
47465058
47465058
47465058
47465058
47465058
47465058
47465058
47465058
47465058
47449772
47449772
47449772
47449772
47449772
47449772
47449772
47449772
47449772
47449772
47449772
47449772
47449772
47449772
47449772
47449772
47449772
47376450
47376450
47300102
47300102
47300102
47300102
47300102
47300102
47300102
47300102
47300102
47300102
47300102
47300102
47300102
47300102
47300102
47300102
47300102
47246578
47246578
47246578
47246578
47223278
47223278
47223278
47223278
47223278
47223278
47168026
47168026
47168026
47168026
47168026
47168026
47168026
47168026
47168026
47168026
47168026
47168026
47168026
47168026
47168026
47168026
47168026
47168026
47168026
47168026
47168026
47168026
47168026
47168026
47168026
47168026
47132980
47132980
47132980
47132980
47132980
47132980
47132980
47082962
47082962
47005970
47005970
47005970
46919876
46896610
46896610
46896610
46896610
46896610
46896610
46896610
46896610
46896610
46896610
46896610
46896610
46871646
46871646
46871646
46871646
46871646
46730432
46730432
46730432
46730432
46730432
46730432
46730432
46730432
46730432
46730432
46730432
46730432
46730432
46730432
46730432
46730432
46730432
46730432
46730432
46730432
46730432
46730432
46730432
46730432
46730432
46730432
46730432
46730432
46730432
46730432
46730432
46730432
46730432
46730432
46730432
46730432
46730432
46730432
46730432
46730432
46730432
46730432
46730432
46730432
46730432
46730432
46730432
46730432
46730432
46730432
46730432
46730432
46730432
46730432
46730432
46712814
46712814
46712814
46712814
46712814
46712814
46712814
46712814
46712814
46712814
46712814
46712814
46712814
46712814
46712814
46712814
46712814
46712814
46712814
46712814
46712814
46712814
46712814
46712814
46712814
46712814
46712814
46712814
46712814
46712814
46712814
46712814
46712814
46712814
46712814
46712814
46712814
46712814
46712814
46712814
46712814
46712814
46712814
46712814
46712814
46712814
46712814
46712814
46712814
46712814
46712814
46712814
46671994
46660476
46660476
46660476
46660476
46660476
46660476
46660476
46660476
46660476
46660476
46660476
46660476
46660476
46660476
46660476
46660476
46660476
46660476
46660476
46660476
46660476
46660476
46660476
46660476
46660476
46660476
46660476
46648762
46648762
46648762
46648762
46648762
46648762
46648762
46648762
46647134
46618290
46605122
46605122
46605122
46605122
46605122
46605122
46526268
46526268
46526268
46526268
46526268
46526268
46526268
46526268
46526268
46526268
46526268
46526268
46526268
46526268
46526268
46526268
46526268
46526268
46526268
46526268
46526268
46526268
46526268
46526268
46526268
46526268
46526268
46526268
46526268
46526268
46526268
46526268
46526268
46526268
46526268
46526268
46526268
46526268
46526268
46526268
46526268
46526268
46526268
46526268
46494782
46494782
46494782
46494782
46494782
46406892
46406892
46406892
46406892
46406892
46298406
46298406
46298406
46298406
46298406
46246008
46246008
46246008
46246008
46246008
46246008
46246008
46246008
46246008
46246008
46246008
46246008
46246008
46246008
46246008
46246008
46246008
46246008
46246008
46246008
46246008
46246008
46246008
46246008
46246008
46246008
46246008
46246008
46246008
46246008
46246008
46246008
46246008
46246008
46246008
46246008
46246008
46246008
46246008
46246008
46246008
46246008
46246008
46246008
46246008
46246008
46246008
46246008
46246008
46246008
46246008
46246008
46246008
46246008
46246008
46246008
46246008
46246008
46246008
46246008
46246008
46246008
46246008
46246008
46246008
46246008
46246008
46246008
46246008
46246008
46246008
46246008
46246008
46246008
46246008
46246008
46246008
46246008
46246008
46246008
46246008
46206778
46206778
46206778
46206778
46206778
46206778
46206650
46206650
46206650
46206650
46206650
46206650
46206650
46206650
46206650
46206650
46206650
46206650
46206650
46206650
46206650
46206650
46206650
46206650
46206650
46206650
46206650
46206650
46206650
46206650
46206650
46206650
46206650
46206650
46206650
46206650
46206650
46206650
46206650
46206650
46206650
46206650
46206650
46206650
46206650
46206650
46206650
46206650
46206650
46206650
46206650
46206650
46206650
46206650
46206650
46206650
46206650
46206650
46206650
46206650
46206650
46206650
46206650
46206650
46206650
46206650
46206650
46206650
46206650
46206650
46206650
46206650
46206650
46206650
46206650
46206650
46206650
46206650
46206650
46206650
46206650
46206650
46206650
46206650
46206650
46206650
46206650
46206650
46206650
46206650
46206650
46206650
46206650
46206650
46206650
46206650
46206650
46206650
46206650
46206650
46206650
46206650
46206650
46206650
46206650
46206650
46206650
46206650
46206650
46206650
46206650
46206650
46206650
46206650
46206650
46206650
46206650
46206650
46206650
46206650
46206650
46206650
46206650
46206650
46206650
46206650
46206650
46206650
46206650
46206650
46206650
46206650
46206650
46206650
46206650
46206650
46206650
46206650
46206650
46206650
46206650
46206650
46206650
46206650
46206650
46206650
46206650
46206650
46206650
46206650
46206650
46206650
46206650
46206650
46206650
46206650
46206650
46206650
46206650
46206650
46206650
46206650
46206650
46206650
46206650
46206650
46206650
46206650
46206650
46206650
46206650
46206650
46206650
46206650
46206650
46206650
46206650
46206650
46206650
46206650
46206650
46206650
46206650
46206650
46206650
46206650
46206650
46206650
46206650
46206650
46206650
46206650
46206650
46206650
46206650
46206650
46206650
46206650
46206650
46206650
46206650
46206650
46206650
46206650
46206650
46206650
46206650
46206650
46206650
46206650
46206650
46206650
46206650
46206650
46206650
46206650
46206650
46206650
46206650
46206650
46206650
46206650
46206650
46206650
46206650
46206650
46206650
46206650
46206650
46206650
46206650
46206650
46206650
46198558
46198558
46198558
46198558
46198558
46198558
46198558
46198558
46198558
46198558
46198558
46198558
46198558
46198558
46198558
46198558
46198558
46198558
46198558
46198558
46198558
46198558
46198558
46198558
46198558
46198558
46198558
46198558
46198558
46198558
46198558
46198558
46198558
46198558
46198558
46198558
46198558
46198558
46198558
46198558
46198558
46198558
46198558
46198558
46198558
46198558
46198558
46198558
46198558
46198558
46198558
46198558
46198558
46198558
46198558
46198558
46198558
46198558
46198558
46198558
46198558
46198558
46198558
46198558
46198558
46198558
46198558
46198558
46198558
46198558
46198558
46198558
46198558
46198558
46198558
46198558
46198558
46198558
46198558
46198558
46198558
46198558
46198558
46198558
46198558
46198558
46198558
46198558
46198558
46198558
46198558
46198558
46198558
46198558
46198558
46198558
46198558
46198558
46198558
46198558
46198558
46198558
46198558
46198558
46198558
46198558
46198558
46198558
46198558
46198558
46198558
46198558
46198558
46198558
46198558
46198558
46198558
46198558
46198558
46198558
46198558
46198558
46198558
46198558
46198558
46198558
46198558
46198558
46198558
46198558
46198558
46198558
46198558
46198558
46198558
46198558
46198558
46198558
46198558
46184764
46184764
46184764
46184764
46184764
46184764
46184764
46184764
46184764
46184764
46184764
46184764
46184764
46184764
46184764
46184764
46184764
46184764
46184764
46184764
46184764
46184764
46184764
46184764
46184764
46184764
46184764
46184764
46184764
46184764
46184764
46184764
46184764
46184764
46184764
46184764
46184764
46184764
46184764
46184764
46184764
46184764
46184764
46184764
46184764
46184764
46184764
46184764
46184764
46184764
46184764
46184764
46184764
46184764
46184764
46184764
46184764
46184764
46184764
46184764
46184764
46184764
46184764
46184764
46184764
46184764
46184764
46184764
46184764
46184764
46184764
46184764
46184764
46184764
46184764
46184764
46184764
46184764
46184764
46184764
46184764
46184764
46184764
46184764
46184764
46184764
46184764
46184764
46184764
46184764
46184764
46184764
46184764
46184764
46184764
46184764
46184764
46184764
46184764
46184764
46184764
46184764
46184764
46184764
46184764
46184764
46172268
46172268
46172268
46172268
46172268
46172268
46172268
46172268
46172268
46172268
46172268
46172268
46172268
46172268
46172268
46172268
46172268
46172268
46156916
46156916
46156916
46156916
46156916
46156916
46156916
46156916
46156916
46156916
46156916
46156916
46156916
46156916
46156916
46156916
46156916
46156916
46156916
46156916
46156916
46156916
46156916
46156916
46156916
46156916
46156916
46156916
46156916
46156916
46156916
46156916
46156916
46156916
46156916
46156916
46156916
46156916
46156916
46156916
46156916
46156916
46156916
46156916
46156916
46156916
46156916
46156916
46149436
46149436
46149436
46149436
46149436
46149436
46149436
46149436
46149436
46149436
46149436
46149436
46149436
46149436
46149436
46149436
46149436
46149436
46149436
46149436
46149436
46149436
46149436
46149436
46111564
46111564
46111564
46111564
46111564
46111564
46111564
46111564
46111564
46111564
46111564
46111564
46111564
46111564
46111564
46111564
46111564
46111564
46111564
46111564
46111564
46111564
46111564
46111564
46111564
46111564
46111564
46111564
46111564
46111564
46111564
46111564
46111564
46111564
46111564
46111564
46111564
46111564
46111564
46111564
46111564
46111564
46111564
46111564
46111564
46111564
46111564
46111564
46111564
46111564
46111564
46111564
46111564
46111564
46111564
46111564
46111564
46111564
46111564
46111564
46111564
46111564
46111564
46111564
46111564
46111564
46111564
46111564
46111564
46111564
46111564
46111564
46111564
46111564
46111564
46111564
46111564
46111564
46111564
46111564
46111564
46111564
46111564
46111564
46111564
46066326
46066326
46066326
46066326
46066326
46066326
46066326
46066326
46066326
46066326
46066326
46066326
46066326
46066326
46066326
46066326
46066326
46066326
46066326
46066326
46066326
46066326
46066326
46066326
46066326
46066326
46066326
46066326
46066326
46066326
46066326
46066326
46066326
46066326
46066326
46066326
46066326
46066326
46066326
46066326
46066326
46066326
46066326
46066326
46066326
46066326
46066326
46066326
46066326
46066326
46066326
46066326
46066326
46066326
46066326
46066326
46066326
46066326
46066326
46066326
46066326
46066326
46066326
46066326
46066326
46066326
46066326
46066326
46066326
46066326
46066326
46066326
46066326
46066326
46066326
46066326
46066326
46066326
46066326
46066326
46066326
46066326
46066326
46066326
46066326
46066326
46066326
46066326
46066326
46066326
46066326
46059664
46059664
46059664
46059664
46059664
46059664
46059664
46059664
46059664
46059664
46059664
46059664
46059664
46059664
46059664
46059664
46059664
46059664
46059664
46059664
46059664
46059664
46059664
46059664
46059664
46059664
46059664
46059664
46059664
46059664
46059664
46059664
46059664
46059664
46059664
46059664
46059664
46059664
46059664
46059664
46059664
46059664
46059664
46059664
46059664
46059664
46059664
46059664
46059664
46059664
46059664
46059664
46059664
46059664
46059664
46059664
46059664
46059664
46059664
46059664
46059664
46059664
46059664
46059664
46059664
46059664
46059664
46059664
46059664
46059664
46059664
46059664
46059664
46059664
46059664
46059664
46059664
46059664
46059664
46059664
46059664
46059664
46059664
46059664
46059664
46059664
46059664
46059664
46059664
46059664
46059664
46059664
46059664
46059664
46059664
46059664
46059664
46059664
46059664
46059664
46059664
46059664
46059664
46059664
46059664
46059664
46059664
45974024
45974024
45974024
45974024
45974024
45974024
45974024
45974024
45974024
45974024
45974024
45974024
45974024
45974024
45974024
45974024
45974024
45974024
45974024
45974024
45974024
45974024
45974024
45974024
45974024
45974024
45974024
45974024
45974024
45974024
45974024
45974024
45974024
45974024
45974024
45974024
45974024
45974024
45974024
45974024
45974024
45974024
45974024
45974024
45974024
45974024
45974024
45974024
45974024
45974024
45974024
45974024
45974024
45974024
45974024
45974024
45974024
45974024
45974024
45974024
45974024
45974024
45974024
45974024
45974024
45974024
45974024
45974024
45974024
45974024
45974024
45974024
45974024
45974024
45974024
45974024
45974024
45974024
45974024
45974024
45974024
45974024
45974024
45974024
45974024
45974024
45974024
45974024
45974024
45974024
45974024
45974024
45974024
45974024
45974024
45974024
45974024
45974024
45974024
45974024
45974024
45974024
45974024
45974024
45974024
45974024
45974024
45974024
45974024
45974024
45974024
45974024
45974024
45974024
45974024
45974024
45974024
45974024
45974024
45974024
45974024
45974024
45974024
45974024
45974024
45974024
45974024
45974024
45974024
45974024
45974024
45974024
45974024
45974024
45974024
45974024
45974024
45974024
45974024
45974024
45974024
45974024
45974024
45973802
45973802
45973802
45973802
45973802
45973802
45973802
45973802
45973802
45973802
45973802
45973802
45973802
45973802
45973802
45973802
45973802
45973802
45973802
45973802
45973802
45973802
45973802
45973802
45973802
45973802
45973802
45973802
45973802
45973802
45973802
45973802
45973802
45973802
45973802
45973802
45973802
45973802
45973802
45973802
45973802
45973802
45973802
45973802
45973802
45973802
45973802
45973802
45973802
45973802
45973802
45973802
45973802
45973802
45973802
45973802
45973802
45973802
45973802
45973802
45973802
45973802
45973802
45973802
45973802
45973802
45973802
45973802
45973802
45973802
45973802
45973802
45973802
45973802
45973802
45973802
45973802
45973802
45973802
45973802
45973802
45973802
45973802
45973802
45973802
45973802
45973802
45973802
45973802
45973802
45973802
45973802
45973802
45973802
45973802
45973802
45973802
45973802
45973802
45973802
45973802
45973802
45973802
45973802
45973802
45973802
45973802
45973802
45973802
45973802
45973802
45973802
45973802
45973802
45973802
45973802
45973802
45973802
45973802
45973802
45973802
45973802
45973802
45973802
45973802
45973802
45973802
45973802
45973802
45973802
45973802
45973802
45973802
45973802
45973802
45973802
45973802
45973802
45973802
45973802
45973802
45973802
45973802
45973802
45973802
45973802
45973802
45973802
45973802
45973802
45973802
45973802
45973802
45973802
45973802
45973802
45973802
45973802
45973802
45973802
45973802
45973802
45973802
45940000
45940000
45940000
45938466
45938466
45938466
45938466
45938466
45938466
45938466
45938466
45938466
45938466
45938466
45938466
45938466
45938466
45938466
45938466
45938466
45938466
45938466
45938466
45938466
45938466
45938466
45938466
45938466
45938466
45938466
45938466
45938466
45938466
45938466
45938466
45938466
45938466
45938466
45938466
45938466
45938466
45938466
45938466
45938466
45938466
45938466
45938466
45938466
45938466
45938466
45938466
45938466
45938466
45938466
45938466
45938466
45938466
45938466
45938466
45938466
45938466
45938466
45938466
45938466
45938466
45938466
45938466
45938466
45938466
45938466
45938466
45938466
45938466
45938466
45938466
45938466
45938466
45938466
45938466
45938466
45938466
45938466
45938466
45938466
45938466
45938466
45938466
45938466
45938466
45938466
45938466
45938466
45938466
45938466
45938466
45938466
45938466
45938466
45938466
45938466
45938466
45938466
45938466
45938466
45938466
45936194
45936194
45936194
45936194
45936194
45936194
45936194
45936194
45936194
45936194
45936194
45936194
45936194
45936194
45936194
45936194
45936194
45936194
45936194
45936134
45936134
45936134
45936134
45936134
45936134
45936134
45936134
45936134
45936134
45936134
45936134
45936134
45936134
45936134
45936134
45936134
45936134
45936134
45936134
45936134
45868500
45868500
45868500
45868500
45868500
45868500
45868500
45868500
45868500
45868500
45868500
45868500
45868500
45868500
45868500
45868500
45868500
45868500
45868500
45868500
45868500
45868500
45868500
45868500
45868500
45868500
45868500
45868500
45868500
45868500
45868500
45868500
45868500
45868500
45868500
45868500
45868500
45868500
45868500
45868500
45868500
45868500
45868500
45868500
45868500
45868500
45868500
45868500
45868500
45868500
45868500
45868500
45868500
45868500
45868500
45868500
45868500
45868500
45868500
45868500
45868500
45868500
45868500
45868500
45868500
45868500
45868500
45868500
45868500
45868500
45868500
45868500
45868500
45868500
45868500
45868500
45868500
45868500
45868500
45868500
45868500
45868500
45868500
45868500
45868500
45868500
45868500
45868500
45868500
45868500
45868500
45868500
45868500
45868500
45868500
45868500
45868500
45868500
45868500
45868500
45868500
45868500
45868500
45868500
45868500
45868500
45868500
45868500
45868500
45868500
45868500
45868500
45868500
45868500
45868500
45868500
45868500
45868500
45868500
45868500
45868500
45868500
45868500
45868500
45868500
45868500
45868500
45868500
45868500
45868500
45868500
45868500
45868500
45868500
45868500
45868500
45868500
45868500
45868500
45868500
45868500
45868500
45868500
45868500
45868500
45868500
45868500
45868500
45868500
45868500
45868500
45868500
45868500
45868500
45868500
45868500
45868500
45868500
45868500
45868500
45868500
45868500
45868500
Segundos empleados: 88.9837
