50582386
50367934
50231186
50154992
49902832
49822082
49822082
49822082
49822082
49584464
49443844
49403252
49381828
49277748
49173962
49132014
49011884
48813168
48813168
48813168
48704208
48693614
48693614
48693614
48635860
48635860
48635860
48564304
48535178
48271260
48247180
47995886
47995886
47995886
47975284
47975284
47975284
47975284
47965584
47943880
47943880
47765158
47765158
47765158
47765158
47736514
47606298
47606298
47606298
47606298
47372396
47372396
47241002
47241002
47133418
47133418
47133418
47133418
47132676
47085188
47081928
47028682
46897336
46891600
46867292
46795298
46743898
46743898
46743898
46743898
46705600
46661628
46645036
46543374
46534672
46534672
46534672
46523056
46523056
46450842
46450842
46450842
46447372
46447372
46442642
46438366
46438366
46438366
46438366
46438366
46434874
46434874
46434874
46434874
46434874
46434874
46416166
46408756
46408756
46402690
46402690
46402690
46402690
46402690
46402690
46402690
46402690
46402690
46402690
46402690
46402690
46402690
46402690
46402690
46402690
46402690
46402690
46402690
46402690
46402690
46402690
46402690
46402690
46402690
46402690
46402690
46402690
46402690
46402690
46402690
46402690
46402690
46402690
46402690
46402690
46402690
46402690
46402690
46402690
46402690
46402690
46402690
46402690
46402690
46402690
46402690
46402690
46402690
46402690
46402690
46402690
46402690
46402690
46402690
46402690
46402690
46402690
46402690
46402690
46402690
46402690
46402690
46402690
46402690
46402690
46402690
46402690
46402690
46402690
46402690
46402690
46402690
46402690
46402690
46402690
46402690
46402690
46402690
46402690
46402690
46402690
46402690
46402690
46402690
46402690
46402690
46402690
46402690
46402690
46402690
46402690
46402690
46402690
46402690
46402690
46402690
46402690
46402690
46402690
46402690
46402690
46402690
46402690
46402690
46402690
46402690
46402690
46402690
46402690
46402690
46402690
46402690
46402690
46402690
46402690
46402690
46402690
46402690
46402690
46402690
46402690
46402690
46402690
46402690
46402690
46402690
46402690
46402690
46402690
46402690
46402690
46402690
46402690
46402690
46402690
46402690
46402690
46402690
46402690
46402690
46402690
46402690
46402690
46402690
46402690
46402690
46402690
46402690
46402690
46402690
46402690
46402690
46402690
46402690
46402690
46402690
46402690
46402690
46402690
46402690
46402690
46402690
46402690
46402690
46402690
46402690
46402690
46402690
46402690
46402690
46402690
46402690
46402690
46402690
46402690
46402690
46402690
46402690
46402690
46402690
46402690
46402690
46402690
46402690
46402690
46402690
46402690
46402690
46402690
46402690
46402690
46402690
46402690
46402690
46402690
46402690
46402690
46402690
46402690
46402690
46402690
46402690
46402690
46402690
46402690
46402690
46402690
46402690
46402690
46402690
46402690
46402690
46402690
46402690
46402690
46402690
46402690
46402690
46402690
46402690
46402690
46402690
46402690
46402690
46402690
46402690
46402690
46402690
46402690
46402690
46402690
46402690
46402690
46402690
46402690
46402690
46402690
46402690
46402690
46402690
46402690
46402690
46402690
46402690
46402690
46402690
46402690
46402690
46402690
46402690
46402690
46402690
46402690
46402690
46402690
46402690
46402690
46402690
46402690
46402690
46402690
46402690
46402690
46402690
46402690
46402690
46402690
46402690
46402690
46402690
46402690
46402690
46402690
46402690
46402690
46402690
46402690
46402690
46402690
46402690
46402690
46402690
46402690
46402690
46402690
46402690
46402690
46402690
46402690
46402690
46402690
46402690
46402690
46402690
46402690
46402690
46402690
46402690
46402690
46402690
46402690
46402690
46402690
46402690
46402690
46402690
46402690
46402690
46402690
46402690
46402690
46402690
46402690
46402690
46402690
46402690
46402690
46402690
46402690
46402690
46402690
46402690
46402690
46402690
46402690
46402690
46402690
46402690
46402690
46402690
46402690
46402690
46402690
46402690
46402690
46402690
46402690
46402690
46402690
46402690
46402690
46402690
46402690
46402690
46402690
46402690
46402690
46402690
46402690
46402690
46402690
46402690
46402690
46402690
46402690
46402690
46402690
46402690
46402690
46402690
46402690
46402690
46402690
46402690
46402690
46402690
46402690
46402690
46402690
46402690
46402690
46402690
46402690
46402690
46402690
46402690
46402690
46402690
46402690
46402690
46402690
46402690
46402690
46402690
46402690
46402690
46402690
46402690
46402690
46402690
46402690
46402690
46402690
46402690
46402690
46402690
46402690
46402690
46402690
46402690
46402690
46402690
46402690
46402690
46402690
46402690
46402690
46402690
46402690
46402690
46402690
46402690
46402690
46402690
46402690
46402690
46402690
46402690
46402690
46402690
46402690
46402690
46402690
46402690
46402690
46402690
46402690
46402690
46402690
46402690
46402690
46402690
46402690
46402690
46402690
46402690
46402690
46402690
46402690
46402690
46402690
46402690
46402690
46402690
46402690
46402690
46402690
46402690
46402690
46402690
46402690
46402690
46402690
46402690
46402690
46402690
46402690
46402690
46402690
46402690
46402690
46402690
46402690
46402690
46402690
46402690
46402690
46402690
46402690
46402690
46402690
46402690
46402690
46402690
46402690
46402690
46402690
46402690
46402690
46402690
46402690
46402690
46402690
46402690
46402690
46402690
46402690
46402690
46402690
46402690
46402690
46402690
46402690
46402690
46402690
46402690
46402690
46402690
46402690
46402690
46402690
46402690
46402690
46402690
46402690
46402690
46402690
46402690
46402690
46402690
46402690
46402690
46402690
46402690
46402690
46402690
46402690
46402690
46402690
46402690
46402690
46402690
46402690
46402690
46402690
46402690
46402690
46402690
46402690
46402690
46402690
46402690
46402690
46402690
46402690
46402690
46402690
46402690
46402690
46402690
46402690
46402690
46402690
46402690
46402690
46402690
46402690
46402690
46402690
46402690
46402690
46402690
46402690
46402690
46402690
46402690
46402690
46402690
46402690
46402690
46402690
46402690
46402690
46402690
46402690
46402690
46402690
46402690
46402690
46402690
46402690
46402690
46402690
46402690
46402690
46402690
46402690
46402690
46402690
46402690
46402690
46402690
46402690
46402690
46402690
46402690
46402690
46402690
46402690
46402690
46402690
46402690
46402690
46402690
46402690
46402690
46402690
46402690
46402690
46402690
46402690
46402690
46402690
46402690
46402690
46402690
46402690
46402690
46402690
46402690
46402690
46402690
46402690
46402690
46402690
46402690
46402690
46402690
46402690
46402690
46402690
46402690
46402690
46402690
46402690
46402690
46402690
46402690
46402690
46402690
46402690
46402690
46402690
46402690
46402690
46402690
46402690
46402690
46402690
46402690
46402690
46402690
46402690
46402690
46402690
46402690
46402690
46402690
46402690
46402690
46402690
46402690
46402690
46402690
46402690
46402690
46402690
46402690
46402690
46402690
46402690
46402690
46402690
46402690
46402690
46402690
46402690
46402690
46402690
46402690
46402690
46402690
46402690
46402690
46402690
46402690
46402690
46402690
46402690
46402690
46402690
46402690
46402690
46402690
46402690
46402690
46402690
46402690
46402690
46402690
46402690
46402690
46402690
46402690
46402690
46402690
46402690
46402690
46402690
46402690
46402690
46402690
46402690
46402690
46402690
46402690
46402690
46402690
46402690
46402690
46402690
46402690
46402690
46402690
46402690
46402690
46402690
46402690
46402690
46402690
46402690
46402690
46402690
46402690
46402690
46402690
46402690
46402690
46402690
46402690
46402690
46402690
46402690
46402690
46402690
46402690
46402690
46402690
46402690
46402690
46402690
46402690
46402690
46402690
46402690
46402690
46402690
46402690
46402690
46402690
46402690
46402690
46402690
46402690
46402690
46402690
46402690
46402690
46402690
46402690
46402690
46402690
46402690
46402690
46402690
46402690
46402690
46402690
46402690
46402690
46402690
46402690
46402690
46402690
46402690
46402690
46402690
46402690
46402690
46402690
46402690
46402690
46402690
46402690
46402690
46402690
46402690
46402690
46402690
46402690
46402690
46402690
46402690
46402690
46402690
46402690
46402690
46402690
46402690
46402690
46402690
46402690
46402690
46402690
46402690
46402690
46402690
46402690
46402690
46402690
46402690
46402690
46402690
46402690
46402690
46402690
46402690
46402690
46402690
46402690
46402690
46402690
46402690
46402690
46402690
46402690
46402690
46402690
46402690
46402690
46402690
46402690
46402690
46402690
46402690
46402690
46402690
46402690
46402690
46402690
46402690
46402690
46402690
46402690
46402690
46402690
46402690
46402690
46402690
46402690
46402690
46402690
46402690
46402690
46402690
46402690
46402690
46402690
46402690
46402690
46402690
46402690
46402690
46402690
46402690
46402690
46402690
46402690
46402690
46402690
46402690
46402690
46402690
46402690
46402690
46402690
46402690
46402690
46402690
46402690
46402690
46402690
46402690
46402690
46402690
46402690
46402690
46402690
46402690
46402690
46402690
46402690
46402690
46402690
46402690
46402690
46402690
46402690
46402690
46402690
46402690
46402690
46402690
46402690
46402690
46402690
46402690
46402690
46402690
46402690
46402690
46402690
46402690
46402690
46402690
46402690
46402690
46402690
46402690
46402690
46402690
46402690
46402690
46402690
46402690
46402690
46402690
46402690
46402690
46402690
46402690
46402690
46402690
46402690
46402690
46402690
46402690
46402690
46402690
46402690
46402690
46402690
46402690
46402690
46402690
46402690
46402690
46402690
46402690
46402690
46402690
46402690
46402690
46402690
46402690
46402690
46402690
46402690
46402690
46402690
46402690
46402690
46402690
46402690
46402690
46402690
46402690
46402690
46402690
46402690
46402690
46402690
46402690
46402690
46402690
46402690
46402690
46402690
46402690
46402690
46402690
46402690
46402690
46402690
46402690
46402690
46402690
46402690
46402690
46402690
46402690
46402690
46402690
46402690
46402690
46402690
46402690
46402690
46402690
46402690
46402690
46402690
46402690
46402690
46402690
46402690
46402690
46402690
46402690
46402690
46402690
46402690
46402690
46402690
46402690
46402690
46402690
46402690
46402690
46402690
46402690
46402690
46402690
46402690
46402690
46402690
46402690
46402690
46402690
46402690
46402690
46402690
46402690
46402690
46402690
46402690
46402690
46402690
46402690
46402690
46402690
46402690
46402690
46402690
46402690
46402690
46402690
46402690
46402690
46402690
46402690
46402690
46402690
46402690
46402690
46402690
46402690
46402690
46402690
46402690
46402690
46402690
46402690
46402690
46402690
46402690
46402690
46402690
46402690
46402690
46402690
46402690
46402690
46402690
46402690
46402690
46402690
46402690
46402690
46402690
46402690
46402690
46402690
46402690
46402690
46402690
46402690
46402690
46402690
46402690
46402690
46402690
46402690
46402690
46402690
46402690
46402690
46402690
46402690
46402690
46402690
46402690
46402690
46402690
46402690
46402690
46402690
46402690
46402690
46402690
46402690
46402690
46402690
46402690
46402690
46402690
46402690
46402690
46402690
46402690
46402690
46402690
46402690
46402690
46402690
46402690
46402690
46402690
46402690
46402690
46402690
46402690
46402690
46402690
46402690
46402690
46402690
46402690
46402690
46402690
46402690
46402690
46402690
46402690
46402690
46402690
46402690
46402690
46402690
46402690
46402690
46402690
46402690
46402690
46402690
46402690
46402690
46402690
46402690
46402690
46402690
46402690
46402690
46402690
46402690
46402690
46402690
46402690
46402690
46402690
46402690
46402690
46402690
46402690
46402690
46402690
46402690
46402690
46402690
46402690
46402690
46402690
46402690
46402690
46402690
46402690
46402690
46402690
46402690
46402690
46402690
46402690
46402690
46402690
46402690
46402690
46402690
46402690
46402690
46402690
46402690
46402690
46402690
46402690
46402690
46402690
46402690
46402690
46402690
46402690
46402690
46402690
46402690
46402690
46402690
46402690
46402690
46402690
46402690
46402690
46402690
46402690
46402690
46402690
46402690
46402690
46402690
46402690
46402690
46402690
46402690
46402690
46402690
46402690
46402690
46402690
46402690
46402690
46402690
46402690
46402690
46402690
46402690
46402690
46402690
46402690
46402690
46402690
46402690
46402690
46402690
46402690
46402690
46402690
46402690
46402690
46402690
46402690
46402690
46402690
46402690
46402690
46402690
46402690
46402690
46402690
46402690
46402690
46402690
46402690
46402690
46402690
46402690
46402690
46402690
46402690
46402690
46402690
46402690
46402690
46402690
46402690
46402690
46402690
46402690
46402690
46402690
46402690
46402690
46402690
46402690
46402690
46402690
46402690
46402690
46402690
46402690
46402690
46402690
46402690
46402690
46402690
46402690
46402690
46402690
46402690
46402690
46402690
46402690
46402690
46402690
46402690
46402690
46402690
46402690
46402690
46402690
46402690
46402690
46402690
46402690
46402690
46402690
46402690
46402690
46402690
46402690
46402690
46402690
46402690
46402690
46402690
46402690
46402690
46402690
46402690
46402690
46402690
46402690
46402690
46402690
46402690
46402690
46402690
46402690
46402690
46402690
46402690
46402690
46402690
46402690
46402690
46402690
46402690
46402690
46402690
46402690
46402690
46402690
46402690
46402690
46402690
46402690
46402690
46402690
46402690
46402690
46402690
46402690
46402690
46402690
46402690
46402690
46402690
46402690
46402690
46402690
46402690
46402690
46402690
46402690
46402690
46402690
46402690
46402690
46402690
46402690
46402690
46402690
46402690
46402690
46402690
46402690
46402690
46402690
46402690
46402690
46402690
46402690
46402690
46402690
46402690
46402690
46402690
46402690
46402690
46402690
46402690
46402690
46402690
46402690
46402690
46402690
46402690
46402690
46402690
46402690
46402690
46402690
46402690
46402690
46402690
46402690
46402690
46402690
46402690
46402690
46402690
46402690
46402690
46402690
46402690
46402690
46402690
46402690
46402690
46402690
46402690
46402690
46402690
46402690
46402690
46402690
46402690
46402690
46402690
46402690
46402690
46402690
46402690
46402690
46402690
46402690
46402690
46402690
46402690
46402690
46402690
46402690
46402690
46402690
46402690
46402690
46402690
46402690
46402690
46402690
46402690
46402690
46402690
46402690
46402690
46402690
46402690
46402690
46402690
46402690
46402690
46402690
46402690
46402690
46402690
46402690
46402690
46402690
46402690
46402690
46402690
46402690
46402690
46402690
46402690
46402690
46402690
46402690
46402690
46402690
46402690
46402690
46402690
46402690
46402690
46402690
46402690
46402690
46402690
46402690
46402690
46402690
46402690
46402690
46402690
46402690
46402690
46402690
46402690
46402690
46402690
46402690
46402690
46402690
46402690
46402690
46402690
46402690
46402690
46402690
46402690
46402690
46402690
46402690
46402690
46402690
46402690
46402690
46402690
46402690
46402690
46402690
46402690
46402690
46402690
46402690
46402690
46402690
46402690
46402690
46402690
46402690
46402690
46402690
46402690
46402690
46402690
46402690
46402690
46402690
46402690
46402690
46402690
46402690
46402690
46402690
46402690
46402690
46402690
46402690
46402690
46402690
46402690
46402690
46402690
46402690
46402690
46402690
46402690
46402690
46402690
46402690
46402690
46402690
46402690
46402690
46402690
46402690
46402690
46402690
46402690
46402690
46402690
46402690
46402690
46402690
46402690
46402690
46402690
46402690
46402690
46402690
46402690
46402690
46402690
46402690
46402690
46402690
46402690
46402690
46402690
46402690
46402690
46402690
46402690
46402690
46402690
46402690
46402690
46402690
46402690
46402690
46402690
46402690
46402690
46402690
46402690
46402690
46402690
46402690
46402690
46402690
46402690
46402690
46402690
46402690
46402690
46402690
46402690
46402690
46402690
46402690
46402690
46402690
46402690
46402690
46402690
46402690
46402690
46402690
46402690
46402690
46402690
46402690
46402690
46402690
46402690
46402690
46402690
46402690
46402690
46402690
46402690
46402690
46402690
46402690
46402690
46402690
46402690
46402690
46402690
46402690
46402690
46402690
46402690
46402690
46402690
46402690
46402690
46402690
46402690
46402690
46402690
46402690
46402690
46402690
46402690
46402690
46402690
46402690
46402690
46402690
46402690
46402690
46402690
46402690
46402690
46402690
46402690
46402690
46402690
46402690
46402690
46402690
46402690
46402690
46402690
46402690
46402690
46402690
46402690
46402690
46402690
46402690
46402690
46402690
46402690
46402690
46402690
46402690
46402690
46402690
46402690
46402690
46402690
46402690
46402690
46402690
46402690
46402690
46402690
46402690
46402690
46402690
46402690
46402690
46402690
46402690
46402690
46402690
46402690
46402690
46402690
46402690
46402690
46402690
46402690
46402690
46402690
46402690
46402690
46402690
46402690
46402690
46402690
46402690
46402690
46402690
46402690
46402690
46402690
46402690
46402690
46402690
46402690
46402690
46402690
46402690
46402690
46402690
46402690
46402690
46402690
46402690
46402690
46402690
46402690
46402690
46402690
46402690
46402690
46402690
46402690
46402690
46402690
46402690
46402690
46402690
46402690
46402690
46402690
46402690
46402690
46402690
46402690
46402690
46402690
46402690
46402690
46402690
46402690
46402690
46402690
46402690
46402690
46402690
46402690
46402690
46402690
46402690
46402690
46402690
46402690
46402690
46402690
46402690
46402690
46402690
46402690
46402690
46402690
46402690
46402690
46402690
46402690
46402690
46402690
46402690
46402690
46402690
46402690
46402690
46402690
46402690
46402690
46402690
46402690
46402690
46402690
46402690
46402690
46402690
46402690
46402690
46402690
46402690
46402690
46402690
46402690
46402690
46402690
46402690
46402690
46402690
46402690
46402690
46402690
46402690
46402690
46402690
46402690
46402690
46402690
46402690
46402690
46402690
46402690
46402690
46402690
46402690
46402690
46402690
46402690
46402690
46402690
46402690
46402690
46402690
46402690
46402690
46402690
46402690
46402690
46402690
46402690
46402690
46402690
46402690
46402690
46402690
46402690
46402690
46402690
46402690
46402690
46402690
46402690
46402690
46402690
46402690
46402690
46402690
46402690
Segundos empleados: 118.817
