50846190
50804938
50734592
50701678
50395888
50249490
50211894
50211894
50162552
49984752
49781286
49781286
49781286
49716288
49716288
49716288
49697800
49697800
49675660
49675660
49417894
49361786
49137904
49137904
49137904
49087442
49087442
48940822
48752882
48705536
48579736
48579736
48579736
48571418
48431618
48385002
48385002
48249840
48249840
48234760
48071684
48071684
48071684
48071684
48071684
48071684
48071684
48071684
47983632
47983632
47861478
47861478
47861478
47861478
47861478
47861478
47861478
47861478
47852706
47800566
47741384
47741384
47741384
47741384
47660964
47547140
47547140
47547140
47547140
47547140
47508394
47508394
47508394
47508394
47508394
47481592
47458432
47415324
47415324
47408014
47386890
47323264
47323264
47278448
47278448
47241772
47241772
47201662
47163874
47163874
47163874
47153830
47144602
47144602
47144602
47144602
47144602
47118154
47118154
47118154
47110614
47110614
47106726
47106726
47106726
47106726
47106726
47098780
47098780
47098780
46997930
46997930
46997930
46997930
46997930
46997930
46997930
46997930
46997930
46997930
46997930
46934006
46934006
46934006
46934006
46934006
46934006
46934006
46934006
46934006
46934006
46934006
46934006
46807430
46782586
46745436
46745436
46745436
46745436
46745436
46745436
46745436
46745436
46745436
46745436
46727742
46727742
46727742
46727742
46715306
46715306
46715306
46704858
46680758
46680758
46680758
46636396
46636396
46636396
46584000
46584000
46584000
46499358
46499358
46499358
46499358
46475170
46475170
46475170
46475170
46457868
46457868
46379024
46379024
46379024
46379024
46379024
46379024
46379024
46351848
46351848
46330454
46330454
46330454
46330454
46236896
46236896
46112128
46112128
46112128
46112128
46112128
46112128
46112128
46112128
46112128
46112128
46112128
46112128
46112128
46112128
46112128
46112128
46066220
46066220
46066220
46066220
46066220
46066220
46066220
46066220
46066220
46066220
46066220
46030846
46030846
46030846
46030846
46030846
46030846
46030846
46030846
46030846
46030846
46030846
46030846
46030846
46030846
46030846
46030846
46030846
46030846
46030846
46030846
46024676
46024676
46024676
46024676
46024676
46024676
46024676
46024676
46024676
46024676
46024676
46024676
46024676
46024676
46024676
46024676
46024676
46024676
46024676
46024676
46024676
46024676
45986972
45986972
45986972
45986972
45986972
45986972
45986972
45986972
45986972
45986972
45986972
45886154
45886154
45886154
45886154
45886154
45886154
45886154
45886154
45886154
45886154
45886154
45886154
45886154
45886154
45886154
45886154
45886154
45886154
45886154
45886154
45886154
45886154
45886154
45886154
45886154
45886154
45886154
45886154
45886154
45886154
45886154
45886154
45886154
45886154
45886154
45886154
45886154
45886154
45886154
45886154
45886154
45886154
45886154
45886154
45886154
45886154
45886154
45886154
45886154
45886154
45849982
45849982
45849982
45832340
45832340
45832340
45832340
45832340
45832340
45832340
45832340
45832340
45832340
45832340
45832340
45832340
45832340
45832340
45832340
45832340
45832340
45832340
45832340
45832340
45832340
45832340
45832340
45832340
45832340
45832340
45707832
45707832
45707832
45707832
45707832
45707832
45707832
45707832
45707832
45707832
45707832
45707832
45707832
45707832
45707832
45707832
45707832
45707832
45707832
45707832
45707832
45707832
45707832
45707832
45707832
45707832
45707832
45707832
45707832
45707832
45707832
45707832
45670674
45670674
45670674
45670674
45670674
45663360
45663360
45663360
45663360
45663360
45663360
45663360
45663360
45663360
45663360
45663360
45663360
45663360
45663360
45663360
45663360
45663360
45663360
45663360
45663360
45663360
45663360
45663360
45663360
45663360
45663360
45663360
45663360
45663360
45663360
45663360
45663360
45663360
45663360
45663360
45663360
45663360
45663360
45663360
45663360
45663360
45663360
45663360
45663360
45663360
45663360
45663360
45663360
45663360
45663360
45663360
45663360
45663360
45663360
45663360
45663360
45663360
45663360
45663360
45663360
45663360
45663360
45663360
45663360
45663360
45663360
45663360
45663360
45663360
45663360
45641396
45641396
45641396
45625030
45625030
45625030
45625030
45625030
45625030
45625030
45625030
45625030
45625030
45625030
45625030
45625030
45625030
45625030
45625030
45625030
45625030
45625030
45625030
45625030
45625030
45574148
45574148
45574148
45574148
45574148
45574148
45574148
45574148
45574148
45574148
45574148
45574148
45574148
45574148
45574148
45574148
45516456
45516456
45516456
45516456
45516456
45516456
45516456
45516456
45516456
45516456
45516456
45516456
45516456
45516456
45516456
45516456
45516456
45516456
45516456
45516456
45516456
45516456
45516456
45516456
45516456
45516456
45516456
45516456
45516456
45516456
45516456
45516456
45516456
45516456
45516456
45516456
45516456
45516456
45516456
45516456
45516456
45516456
45516456
45516456
45516456
45516456
45516456
45516456
45516456
45516456
45516456
45516456
45516456
45516456
45516456
45516456
45516456
45489168
45489168
45489168
45489168
45489168
45489168
45489168
45489168
45489168
45489168
45489168
45489168
45489168
45489168
45489168
45489168
45489168
45489168
45489168
45489168
45489168
45489168
45489168
45489168
45460556
45460556
45460556
45460556
45460556
45460556
45460556
45460556
45460556
45460556
45460556
45460556
45460556
45441466
45381816
45381816
45381816
45381816
45381816
45381816
45381816
45358124
45358124
45358124
45358124
45358124
45358124
45358124
45358124
45351438
45351438
45351438
45351438
45351438
45351438
45351438
45351438
45351438
45351438
45351438
45351438
45351438
45351438
45351438
45351438
45351438
45351438
45351438
45351438
45351438
45351438
45351438
45351438
45351438
45351438
45351438
45351438
45351438
45351438
45351438
45351438
45351438
45351438
45351438
45351438
45351438
45351438
45351438
45351438
45351438
45351438
45351438
45351438
45351438
45351438
45351438
45351438
45351438
45351438
45351438
45351438
45351438
45351438
45351438
45351438
45351438
45351438
45351438
45351438
45351438
45351438
45351438
45351438
45351438
45351438
45351438
45351438
45351438
45351438
45351438
45331056
45325172
45325172
45325172
45325172
45325172
45325172
45325172
45325172
45325172
45325172
45325172
45325172
45325172
45325172
45325172
45325172
45325172
45325172
45325172
45325172
45325172
45325172
45325172
45325172
45325172
45325172
45325172
45325172
45325172
45325172
45325172
45325172
45325172
45325172
45325172
45325172
45325172
45325172
45325172
45325172
45325172
45325172
45325172
45322616
45322616
45322616
45322616
45322616
45322616
45305202
45305202
45305202
45305202
45305202
45305202
45305202
45275204
45275204
45275204
45275204
45275204
45275204
45275204
45275204
45275204
45275204
45275204
45275204
45275204
45275204
45275204
45275204
45275204
45275204
45275204
45275204
45275204
45275204
45275204
45275204
45275204
45275204
45275204
45275204
45275204
45275204
45275204
45275204
45275204
45275204
45275204
45275204
45275204
45275204
45275204
45275204
45275204
45275204
45275204
45275204
45275204
45275204
45275204
45275204
45275204
45275204
45275204
45275204
45275204
45275204
45275204
45275204
45275204
45275204
45275204
45275204
45275204
45275204
45275204
45275204
45275204
45275204
45275204
45275204
45275204
45275204
45275204
45275204
45275204
45275204
45275204
45275204
45275204
45275204
45275204
45275204
45275204
45275204
45275204
45275204
45275204
45275204
45275204
45275204
45275204
45275204
45275204
45275204
45275204
45275204
45275204
45275204
45275204
45275204
45275204
45275204
45275204
45275204
45275204
45275204
45275204
45275204
45275204
45271734
45271734
45241278
45241278
45241278
45241278
45241278
45241278
45241278
45241278
45241278
45241278
45241278
45241278
45241278
45241278
45241278
45241278
45241278
45241278
45241278
45241278
45241278
45241278
45241278
45241278
45241278
45241278
45241278
45241278
45241278
45241278
45211014
45211014
45211014
45211014
45211014
45211014
45211014
45211014
45211014
45211014
45211014
45150316
45150316
45150316
45150316
45150316
45150316
45150316
45150316
45150316
45150316
45150316
45150316
45150316
45150316
45150316
45150316
45150316
45150316
45150316
45150316
45150316
45150316
45150316
45150316
45150316
45150316
45150316
45150316
45150316
45150316
45150316
45150316
45150316
45150316
45150316
45150316
45150316
45150316
45150316
45150316
45150316
45150316
45150316
45150316
45150316
45150316
45150316
45150316
45150316
45137024
45137024
45137024
45137024
45137024
45137024
45137024
45137024
45137024
45137024
45137024
45137024
45137024
45137024
45137024
45137024
45137024
45137024
45137024
45137024
45137024
45137024
45137024
45137024
45137024
45137024
45137024
45137024
45137024
45137024
45137024
45137024
45137024
45137024
45137024
45137024
45137024
45137024
45137024
45137024
45137024
45137024
45137024
45137024
45137024
45137024
45137024
45137024
45137024
45137024
45137024
45137024
45137024
45137024
45137024
45137024
45137024
45137024
45137024
45137024
45137024
45137024
45137024
45137024
45137024
45137024
45137024
45137024
45137024
45137024
45137024
45137024
45137024
45137024
45137024
45137024
45137024
45137024
45137024
45137024
45137024
45137024
45099200
45099200
45099200
45099200
45099200
45099200
45099200
45099200
45099200
45099200
45099200
45099200
45099200
45099200
45099200
45099200
45099200
45099200
45099200
45099200
45098918
45098918
45098918
45098918
45098918
45098918
45098918
45098918
45098918
45098918
45098918
45098918
45098918
45098918
45098918
45098918
45098918
45098918
45098918
45098918
45098918
45098918
45098918
45098918
45098918
45098918
45098918
45098918
45098918
45098918
45098918
45098918
45098918
45098918
45098918
45098918
45098918
45098918
45098918
45098918
45098918
45098918
45098918
45098918
45098918
45098918
45098918
45098918
45098918
45098918
45098918
45098918
45098918
45098918
45098918
45098918
45098918
45098918
45098918
45098918
45098918
45098918
45098918
45098918
45098918
45098918
45098918
45098918
45098918
45098918
45098918
45098918
45098918
45098918
45098918
45098918
45098918
45098918
45098918
45098918
45098918
45098918
45098918
45098918
45098918
45098918
45098918
45098918
45098918
45098918
45098918
45098918
45098918
45098918
45098918
45098918
45098918
45098918
45098918
45098918
45098918
45098918
45098918
45098918
45098918
45098918
45098918
45098918
45098918
45098918
45098918
45098918
45098918
45098918
45098918
45098918
45098918
45098918
45098918
45098918
45098918
45098918
45098918
45098918
45098918
45098918
45098918
45098918
45098918
45098918
45098918
45098918
45098918
45098918
45098918
45098918
45098918
45098918
45098918
45098918
45098918
45098918
45098918
45098918
45098918
45098918
45098918
45098918
45098918
45098918
45098918
45098918
45098918
45098918
45098918
45098918
45098918
45098918
45098918
45098918
45098918
45098918
45098918
45098918
45098918
45098918
45098918
45098918
45098918
45098918
45098918
45098918
45098918
45098918
45098918
45098918
45098918
45098918
45098918
45098918
45098918
45098918
45098918
45098918
45098918
45098918
45098918
45098918
45098918
45098918
45098918
45098918
45098918
45098918
45098918
45098918
45098918
45098918
45098918
45098918
45098918
45098918
45098918
45098918
45098918
45098918
45098918
45098918
45098918
45098918
45098918
45098918
45098918
45098918
45098918
45098918
45098918
45098918
45098918
45098918
45098918
45098918
45098918
45098918
45098918
45098918
45098918
45098918
45098918
45098918
45098918
45098918
45098918
45098918
45098918
45098918
45098918
45098918
45098918
45098918
45098918
45098918
45098918
45098918
45098918
45098918
45098918
45098918
45096742
45096742
45096742
45096742
45096742
45096742
45096742
45096742
45096742
45096742
45096742
45091136
45091136
45091136
45091136
45091136
45091136
45091136
45091136
45091136
45091136
45091136
45091136
45091136
45091136
45091136
45091136
45091136
45091136
45091136
45091136
45091136
45091136
45091136
45091136
45091136
45091136
45091136
45091136
45091136
45091136
45091136
45091136
45091136
45091136
45091136
45091136
45091136
45091136
45091136
45091136
45091136
45091136
45091136
45091136
45091136
45091136
45091136
45091136
45091136
45091136
45091136
45091136
45091136
45091136
45091136
45091136
45091136
45091136
45091136
45091136
45091136
45091136
45091136
45091136
45091136
45091136
45091136
45091136
45091136
45091136
45091136
45091136
45091136
45082518
45082518
45082518
45082518
45082518
45082518
45082518
45082518
45082518
45082518
45082518
45082518
45082518
45082518
45082518
45082518
45082518
45082518
45082518
45082518
45082518
45082518
45082518
45082518
45082518
45082518
45082518
45082518
45082518
45082518
45082518
45082518
45082518
45082518
45082518
45082518
45082518
45082518
45082518
45082518
45082518
45081994
45081994
45081994
45081994
45081994
45081994
45081994
45081994
45081994
45081994
45081994
45081994
45081994
45081994
45081994
45081994
45081994
45081994
45081994
45081994
45081994
45081994
45081994
45081994
45081994
45081994
45081994
45081994
45081994
45081994
45081994
45081994
45081994
45081994
45081994
45081994
45081994
45081994
45081994
45081994
45081994
45081994
45081994
45081994
45081994
45081994
45081994
45081994
45081994
45081994
45081994
45081994
45081994
45081994
45081994
45081994
45081994
45081994
45081994
45081994
45081994
45081994
45081994
45081994
45081994
45081994
45081994
45081994
45081994
45081994
45081994
45081994
45065044
45065044
45065044
45065044
45065044
45065044
45065044
45065044
45065044
45065044
45065044
45065044
45065044
45065044
45065044
45065044
45065044
45065044
45065044
45065044
45065044
45065044
45065044
45065044
45065044
45065044
45065044
45065044
45065044
45065044
45065044
45065044
45065044
45065044
45065044
45065044
45065044
45065044
45065044
45065044
45065044
45065044
45065044
45065044
45065044
45065044
45065044
45065044
45065044
45065044
45065044
45065044
45065044
45065044
45065044
45065044
45065044
45065044
45065044
45065044
45065044
45065044
45065044
45065044
45065044
45065044
45065044
45065044
45065044
45065044
45065044
45065044
45065044
45065044
45065044
45065044
45065044
45065044
45065044
45065044
45065044
45065044
45065044
45065044
45065044
45065044
45065044
45065044
45065044
45065044
45065044
45023134
45023134
45023134
45023134
45023134
45023134
45023134
45023134
45023134
45023134
45023134
45023134
45023134
45023134
45023134
45023134
45023134
45023134
45023134
45023134
45023134
45023134
45023134
45023134
45023134
45023134
45023134
45023134
45023134
45023134
45023134
45023134
45023134
45023134
45023134
45023134
45023134
45023134
45023134
45023134
45023134
45023134
45023134
45023134
45023134
45023134
45023134
45023134
45023134
45023134
45023134
45023134
45023134
45023134
45023134
45023134
45023134
45023134
45023134
45023134
45023134
45023134
45023134
45023134
45023134
45023134
45023134
45023134
45023134
45023134
45023134
45023134
45023134
45023134
45023134
45023134
45023134
45023134
45023134
45023134
45023134
45023134
45023134
45023134
45023134
45023134
45023134
45023134
45023134
45023134
45023134
45023134
45023134
45023134
45023134
45023134
45023134
45023134
45023134
45023134
45023134
45023134
45023134
45023134
45023134
45023134
45023134
45023134
45023134
45023134
45023134
45023134
45023134
45023134
45023134
45023134
45023134
45023134
45018670
45018670
45018670
45018670
45018670
45018670
45018670
45018670
45018670
45018670
45018670
45018670
45018670
45003458
45003458
44999918
44999918
44999918
44999918
44999918
44999918
44999918
44999918
44999918
44999918
44999918
44999918
44999918
44999918
44999918
44999918
44999918
44999918
44999918
44999918
44999918
44999918
44999918
44999918
44999918
44999918
44999918
44999918
44999918
44999918
44999918
44999918
44999918
44999918
44999918
44999918
44999918
44999918
44999918
44999918
44999918
44999918
44999918
44999918
44999918
44999918
44999918
44999918
44999918
44999918
44999918
44999918
44999918
44999918
44999918
44999918
44999918
44999918
44999918
44999918
44999918
44999918
44999918
44999918
44999918
44999918
44999918
44999918
44999918
44999918
44999918
44999918
44999918
44999918
44999918
44999918
44999918
44999918
44999918
44999918
44999918
44999918
44999918
44999918
44999918
44999918
44999918
44999918
44999918
44999918
44999918
44999918
44999918
44999918
44999918
44999918
44999918
44999918
44999918
44999918
44999918
44999918
44999918
44999918
44999918
44999918
44999918
44999918
44999918
44999918
44999918
44999918
44999918
44999918
44999918
44999918
44999918
44999918
44999918
44999918
44999918
44999918
44999918
44999918
44999918
44999918
44999918
44999918
44999918
44999918
44999918
44999918
44999918
44999918
44999918
44999918
44999918
44999918
44999918
44999918
44999918
44999918
44999918
44999918
44999918
44999918
44999918
44999918
44999918
44999918
44999918
44999918
44999918
44999918
44999918
44999918
44999918
44999918
44999918
44999918
44999918
44999918
44999918
44999918
44999918
44999918
44999918
44999918
44999918
44999918
44999918
44999918
44999918
44999918
44999918
44999918
44999918
44999918
44999918
44999918
44999918
44999918
44999918
44999918
44999918
44999918
44999918
44999918
44999918
44999918
44999918
44999918
44999918
44999918
44999918
44999918
44999918
44999918
44999918
44999918
44999918
44999918
44999918
44999918
44999918
44999918
44999918
44999918
44999918
44999918
44999918
44999918
44999918
44999918
44999918
44999918
44999918
44999918
44999918
44999918
44999918
44999918
44999918
44999918
44999918
44999918
44999918
44999918
44999918
44999918
44999918
44999918
44999918
44999918
44999918
44999918
44999918
44999918
44999918
44999918
44999918
44999918
44999918
44999918
44999918
44999918
44999918
44999918
44999918
44999918
44999918
44999918
44999918
44999918
44999918
44999918
44999918
44999918
44999918
44999918
44999918
44999918
44999918
44999918
44999918
44999918
44999918
44999918
44999918
44999918
44999918
44999918
44999918
44999918
44999918
44999918
44999918
44999918
44999918
44999918
44999918
44999918
44999918
44999918
44999918
44999918
44999918
44999918
44999918
44999918
44999918
44999918
44999918
44999918
44999918
44999918
44999918
Segundos empleados: 89.2771
