51841844
51837040
51829068
51789056
51592148
51383678
51383678
51383678
51118444
51118444
51118444
50933664
50933664
50716990
50645884
50645884
50615008
50615008
50409656
50321786
50321786
50286140
50286140
50286140
50286140
50206952
50206952
50206952
50151536
49812542
49812542
49680180
49680180
49590412
49566676
49403866
49403866
49403866
49403866
49326436
49263496
49263496
49263496
49263496
49263496
49189514
49131696
49096818
49053094
49053094
48998816
48998816
48998816
48913060
48913060
48896228
48896228
48791454
48791454
48791454
48791454
48733436
48733436
48733436
48733436
48733436
48733436
48733436
48733436
48733436
48733436
48733436
48733436
48726646
48668398
48535426
48535426
48438562
48438562
48438562
48438562
48438562
48438562
48369572
48237764
48237764
48237764
48237764
48237764
48237764
48237764
48237764
48237764
48237764
48237764
48237764
48237764
48237764
48237764
48176270
48176270
48157422
48157422
48157422
48085858
48085858
48063468
48063468
48063468
48063468
48063468
48063468
48063468
48061130
48047456
48047456
48047456
48047456
47968298
47895934
47895934
47895934
47865524
47765684
47765684
47765684
47765684
47765684
47765684
47765684
47765684
47765684
47765684
47765684
47765684
47765684
47765684
47765684
47765684
47765684
47765684
47765684
47765684
47765684
47765684
47765684
47765684
47765684
47765684
47765684
47765684
47765684
47765684
47765684
47765684
47765684
47765684
47765684
47765684
47765684
47765684
47765684
47765684
47765684
47765684
47765684
47765684
47765684
47765684
47765684
47765684
47765684
47765684
47765684
47765684
47765684
47765684
47765684
47765684
47765684
47765684
47765684
47765684
47765684
47765684
47726470
47726470
47726470
47438744
47438744
47438744
47438744
47438744
47438744
47438744
47438744
47438744
47405884
47405884
47405884
47393526
47393526
47393526
47393526
47393526
47385764
47385764
47385764
47385764
47385764
47385764
47354070
47354070
47354070
47354070
47349798
47349798
47349798
47349798
47349798
47349798
47349798
47349798
47349798
47349798
47349798
47349798
47333690
47291212
47291212
47254714
47254714
47194016
47194016
47194016
47194016
47194016
47181018
47181018
47161554
47161554
47161554
47159540
47159540
47159540
47159540
47146868
47110984
47045520
47045520
47045520
47045520
47045520
47045520
47045520
47045520
47045520
47045520
47045520
47045520
47045520
47009012
46983058
46983058
46983058
46979572
46979572
46979572
46979572
46979572
46979572
46979572
46975006
46924832
46814518
46814518
46814518
46697618
46697618
46692742
46692742
46692742
46692742
46692742
46692742
46692742
46692742
46692742
46692742
46692742
46692742
46692742
46692742
46692742
46692742
46692742
46692742
46692742
46692742
46692742
46692742
46692742
46692742
46647470
46647470
46647470
46647470
46647470
46647470
46647470
46647470
46617394
46617394
46617394
46617394
46617394
46576122
46576122
46490956
46488710
46449744
46449744
46449744
46449744
46449744
46449744
46449744
46449744
46449744
46449744
46449744
46449744
46449744
46449744
46449744
46449744
46449744
46449744
46449744
46449744
46449744
46449744
46449744
46449744
46449744
46449744
46449744
46449744
46449744
46449744
46449744
46449744
46449744
46449744
46449744
46449744
46449744
46449744
46449744
46449744
46449744
46449744
46449744
46449744
46449744
46449744
46449744
46449744
46449744
46449744
46449744
46449744
46449744
46449744
46449744
46449744
46449744
46449744
46449744
46449744
46449744
46449744
46449744
46449744
46449744
46449744
46449744
46449744
46449744
46449744
46449744
46449744
46449744
46449744
46449744
46449744
46449744
46449744
46449744
46449744
46449744
46449744
46449744
46449744
46449744
46449744
46449744
46449744
46449744
46449744
46449744
46449744
46449744
46449744
46449744
46449744
46449744
46449744
46449744
46449744
46449744
46449744
46449744
46449744
46449744
46449744
46449744
46449744
46449744
46449744
46449744
46449744
46449744
46449744
46449744
46449744
46449744
46449744
46449744
46449744
46449744
46449744
46449744
46425496
46425496
46425496
46425496
46425496
46425496
46425496
46425496
46425496
46425496
46425496
46425496
46425496
46425496
46425496
46425496
46425496
46425496
46425496
46425496
46425496
46425496
46425496
46425496
46425496
46425496
46425496
46425496
46425496
46425496
46425496
46425496
46425496
46425496
46425496
46425496
46425496
46425496
46425496
46425496
46425496
46425496
46425496
46425496
46425496
46425496
46425496
46425496
46425496
46425496
46425496
46425496
46425496
46425496
46425496
46425496
46425496
46425496
46423722
46423722
46423722
46423722
46423722
46423722
46423722
46423722
46423722
46423722
46423722
46423722
46423722
46423722
46423722
46423722
46423722
46423722
46423722
46423722
46423722
46423722
46423722
46423722
46423722
46423722
46423722
46423722
46423722
46423722
46423722
46423722
46423722
46423722
46423722
46423722
46397894
46397894
46397894
46372020
46372020
46372020
46372020
46372020
46372020
46372020
46372020
46372020
46372020
46372020
46372020
46372020
46372020
46372020
46372020
46372020
46372020
46372020
46372020
46372020
46372020
46372020
46372020
46372020
46372020
46372020
46372020
46372020
46372020
46372020
46372020
46372020
46372020
46372020
46372020
46372020
46372020
46372020
46372020
46338904
46338904
46338904
46270752
46270752
46270752
46270752
46270752
46270752
46270752
46270752
46270752
46270752
46270752
46270752
46270752
46270752
46270752
46270752
46270752
46223410
46223410
46199236
46199236
46199236
46199236
46199236
46199236
46199236
46199236
46199236
46199236
46199236
46199236
46199236
46199236
46199236
46199236
46199236
46199236
46199236
46199236
46199236
46199236
46199236
46199236
46199236
46199236
46199236
46199236
46199236
46199236
46199236
46199236
46199236
46199236
46199236
46199236
46199236
46199236
46199236
46199236
46199236
46199236
46199236
46199236
46199236
46189024
46171848
46171848
46078814
46078814
46078814
46078814
46012370
46012370
46012370
46012370
46012370
46012370
46012370
46012370
46012370
46012370
46012370
46012370
46012370
46007354
46007354
46007354
46007354
46007354
46007354
46007354
46007354
46007354
46007354
46007354
45998428
45998428
45998428
45998428
45998428
45998428
45998428
45998428
45998428
45998428
45998428
45998428
45998428
45998428
45998428
45998428
45998428
45990322
45990322
45990322
45990322
45990322
45990322
45990322
45990322
45990322
45990322
45990322
45990322
45990322
45990322
45990322
45990322
45990322
45939798
45939798
45939798
45939798
45939798
45939798
45939798
45939798
45939798
45939798
45939798
45939798
45939798
45939798
45939798
45939798
45939798
45939798
45939798
45939798
45939798
45939798
45939798
45939798
45939798
45939798
45939798
45939798
45939798
45939798
45939798
45939798
45939798
45939798
45939798
45939798
45939798
45939798
45939798
45939798
45939798
45939798
45939798
45939798
45939798
45939798
45939798
45904332
45904332
45904332
45904332
45904332
45904332
45904332
45904332
45904332
45904332
45904332
45904332
45904332
45904332
45904332
45904332
45904332
45904332
45904332
45904332
45904332
45904332
45904332
45904332
45904332
45904332
45904332
45904332
45904332
45904332
45904332
45890214
45890214
45890214
45890214
45890214
45890214
45890214
45890214
45890214
45890214
45890214
45890214
45852682
45852682
45852682
45852682
45852682
45852682
45852682
45852682
45852682
45852682
45852682
45852682
45852682
45852682
45852682
45852682
45852682
45852682
45852682
45852682
45852682
45852682
45852682
45852682
45852682
45852682
45852682
45852682
45852682
45852682
45852682
45852682
45852682
45852682
45852682
45852682
45852682
45852682
45852682
45852682
45852682
45852682
45852682
45852682
45852682
45852682
45852682
45852682
45852682
45852682
45852682
45852682
45852682
45852682
45852682
45852682
45852682
45852682
45852682
45852682
45852682
45852682
45852682
45852682
45852682
45852682
45852682
45852682
45852682
45852682
45852682
45852682
45852682
45852682
45852682
45852682
45852682
45852682
45852682
45852682
45852682
45852682
45852682
45852682
45852682
45852682
45852682
45852682
45852682
45852682
45852682
45852682
45852682
45852682
45852682
45852682
45852682
45852682
45852682
45852682
45852682
45852682
45852682
45852682
45852682
45852682
45852682
45852682
45852682
45852682
45852682
45852682
45852682
45852682
45852682
45852682
45852682
45852682
45852682
45852682
45852682
45852682
45852682
45852682
45852682
45852682
45852682
45852682
45852682
45852682
45852682
45852682
45852682
45852682
45852682
45852682
45852682
45852682
45852682
45852682
45852682
45852682
45852682
45852682
45852682
45852682
45852682
45852682
45852682
45852682
45852682
45852682
45852682
45852682
45852682
45852682
45852682
45852682
45852682
45852682
45852682
45852682
45852682
45852682
45852682
45852682
45852682
45852682
45852682
45852682
45852682
45852682
45852682
45852682
45852682
45852682
45852682
45852682
45852682
45852682
45852682
45852682
45852682
45852682
45852682
45852682
45852682
45852682
45852682
45852682
45852682
45852682
45852682
45852682
45852682
45852682
45852682
45852682
45852682
45852682
45852682
45852682
45852682
45852682
45852682
45852682
45852682
45852682
45852682
45852682
45852682
45852682
45852682
45852682
45852682
45852682
45852682
45852682
45852682
45852682
45852682
45852682
45852682
45852682
45842080
45842080
45842080
45842080
45842080
45842080
45842080
45842080
45842080
45842080
45842080
45842080
45842080
45842080
45842080
45842080
45842080
45842080
45842080
45842080
45842080
45842080
45842080
45842080
45842080
45842080
45842080
45842080
45842080
45842080
45842080
45842080
45842080
45842080
45842080
45842080
45842080
45842080
45842080
45842080
45842080
45842080
45842080
45842080
45842080
45842080
45842080
45842080
45842080
45842080
45842080
45842080
45842080
45842080
45842080
45842080
45842080
45842080
45842080
45842080
45842080
45842080
45842080
45842080
45842080
45842080
45842080
45842080
45842080
45842080
45842080
45842080
45842080
45842080
45842080
45842080
45842080
45842080
45842080
45842080
45842080
45842080
45842080
45842080
45842080
45842080
45842080
45842080
45842080
45842080
45842080
45842080
45842080
45842080
45842080
45842080
45842080
45842080
45842080
45842080
45842080
45842080
45842080
45842080
45842080
45842080
45842080
45842080
45842080
45842080
45842080
45842080
45842080
45842080
45842080
45842080
45842080
45842080
45842080
45842080
45842080
45842080
45842080
45842080
45842080
45842080
45842080
45842080
45842080
45842080
45842080
45842080
45842080
45842080
45842080
45842080
45842080
45842080
45842080
45842080
45842080
45842080
45842080
45842080
45842080
45842080
45842080
45842080
45842080
45842080
45842080
45842080
45842080
45842080
45842080
45842080
45842080
45842080
45842080
45842080
45842080
45842080
45842080
45842080
45842080
45842080
45842080
45842080
45842080
45842080
45842080
45842080
45842080
45842080
45842080
45842080
45842080
45842080
45842080
45842080
45842080
45842080
45842080
45842080
45842080
45842080
45842080
45842080
45842080
45842080
45842080
45842080
45842080
45842080
45842080
45842080
45842080
45842080
45842080
45842080
45842080
45842080
45842080
45842080
45842080
45842080
45842080
45842080
45842080
45842080
45842080
45842080
45842080
45842080
45842080
45842080
45842080
45842080
45842080
45842080
45842080
45842080
45842080
45842080
45842080
45842080
45842080
45842080
45842080
45842080
45842080
45842080
45842080
45842080
45842080
45842080
45842080
45842080
45842080
45842080
45842080
45842080
45842080
45842080
45842080
45842080
45842080
45842080
45842080
45842080
45842080
45842080
45842080
45842080
45842080
45842080
45842080
45842080
45842080
45842080
45842080
45842080
45842080
45842080
45842080
45842080
45842080
45842080
45842080
45842080
45842080
45842080
45842080
45842080
45842080
45807644
45807644
45807644
45807644
45807644
45807644
45807644
45807644
45807644
45807644
45807644
45807644
45807644
45774644
45774644
45774644
45774644
45774644
45774644
45774644
45774644
45774644
45774644
45774644
45774644
45774644
45774644
45774644
45774644
45774644
45774644
45774644
45774644
45774644
45774644
45774644
45774644
45774644
45774644
45774644
45774644
45774644
45774644
45774644
45774644
45774644
45774644
45774644
45774644
45774644
45774644
45774644
45774644
45774644
45774644
45774644
45774644
45774644
45774644
45774644
45774644
45774644
45774644
45774644
45774644
45774644
45774644
45774644
45774644
45774644
45774644
45774644
45774644
45774644
45774644
45774644
45774644
45774644
45774644
45774644
45774644
45774644
45774644
45774644
45774644
45774644
45774644
45774644
45774644
45774644
45774644
45774644
45774644
45774644
45774644
45774644
45774644
45774644
45774644
45774644
45774644
45774644
45774644
45774644
45774644
45774644
45774644
45774644
45774644
45774644
45774644
45774644
45774644
45774644
45774644
45774644
45774644
45774644
45774644
45774644
45774644
45774644
45774644
45774644
45774644
45774644
45774644
45774644
45774644
45774644
45774644
45774644
45774644
45774644
45774644
45774644
45774644
45774644
45774644
45774644
45774644
45774644
45774644
45774644
45774644
45774644
45774644
45774644
45774644
45774644
45774644
45774644
45774644
45774644
45774644
45774644
45774644
45774644
45774644
45774644
45774644
45774644
45774644
45774644
45774644
45774644
45774644
45774644
45774644
45774644
45774644
45774644
45774644
45774644
45774644
45774644
45774644
45774644
45774644
45774644
45774644
45774644
45774644
45774644
45774644
45774644
45774644
45774644
45774644
45774644
45774644
45774644
45774644
45774644
45774644
45774644
45774644
45774644
45774644
45774644
45774644
45774644
45774644
45774644
45774644
45774644
45774644
45774644
45774644
45774644
45774644
45774644
45774644
45774644
45774644
45774644
45774644
45774644
45774644
45774644
45774644
45774644
45774644
45774644
45774644
45774644
45774644
45774644
45774644
45774644
45774644
45774644
45774644
45774644
45774644
45774644
45774644
45774644
45774644
45774644
45774644
45774644
45774644
45774644
45774644
45774644
45774644
45774644
45774644
45774644
45774644
45774644
45774644
45774644
45774644
45774644
45774644
45774644
45774644
45774644
45774644
45774644
45774644
45774644
45774644
45774644
45774644
45774644
45774644
45774644
45774644
45774644
45774644
45774644
45774644
45774644
45774644
45774644
45774644
45774644
45774644
45774644
45774644
45774644
45774644
45774644
45774644
45774644
45774644
45774644
45774644
45774644
45774644
45774644
45774644
45774644
45774644
45774644
45774644
45706116
45706116
45706116
45706116
45706116
45706116
45706116
45706116
45706116
45706116
45706116
45706116
45706116
45706116
45706116
45706116
45706116
45706116
45706116
45706116
45706116
45706116
45706116
45706116
45706116
45706116
45706116
45706116
45706116
45706116
45706116
45706116
45706116
45706116
45706116
45706116
45706116
45706116
45706116
45706116
45706116
45706116
45706116
45706116
45706116
45706116
45706116
45706116
45706116
45706116
45706116
45706116
45706116
45706116
45706116
45706116
45706116
45706116
45706116
45706116
45706116
45706116
45706116
45706116
45706116
45706116
45706116
45706116
45706116
45706116
45706116
45706116
45706116
45706116
45706116
45706116
45706116
45706116
45706116
45706116
45706116
45706116
45706116
45706116
45706116
45706116
45706116
45706116
45706116
45706116
45706116
45706116
45706116
45706116
45706116
45706116
45706116
45706116
45706116
45706116
45706116
45706116
45706116
45706116
45706116
45706116
45706116
45706116
45706116
45706116
45706116
45706116
45706116
45706116
45706116
45706116
45706116
45706116
45706116
45706116
45706116
45706116
45706116
45706116
45706116
45706116
45706116
45706116
45706116
45706116
45706116
45706116
45706116
45706116
45706116
45706116
45706116
45706116
45706116
45706116
45706116
45706116
45706116
45706116
45706116
45706116
45706116
45706116
45706116
45706116
45706116
45706116
45706116
45706116
45706116
45706116
45706116
45706116
45706116
45706116
45706116
45706116
45706116
45706116
45706116
45706116
45706116
45706116
45706116
45706116
45706116
45706116
45706116
45706116
45706116
45706116
45706116
45706116
45706116
45706116
45706116
45706116
45706116
45706116
45706116
45706116
45706116
45706116
45706116
45706116
45706116
45706116
45706116
45706116
45706116
45706116
45706116
45706116
45706116
45706116
45706116
45706116
45706116
45706116
45706116
45706116
45706116
45706116
45706116
45706116
45706116
45706116
45706116
45706116
45706116
45706116
45706116
45706116
45706116
45706116
45706116
45703500
45703500
45703500
45703500
45703500
45703124
45668878
45668878
45668878
45668878
45668878
45668878
45668878
45668878
45668878
45668878
45668878
45668878
45668878
45668878
45668878
45668878
45668878
45668878
45668878
45668878
45647172
45647172
45647172
45647172
45647172
45647172
45647172
45647172
45647172
45647172
45647172
45647172
45647172
45647172
45647172
45643290
45643290
45643290
45643290
45643290
45643290
45643290
45643290
45643290
45643290
45643290
45643290
45643290
45643290
45643290
45643290
45643290
45643290
45643290
45643290
45643290
45643290
45643290
45643290
45643290
45643290
45643290
45643290
45643290
45643290
45643290
45643290
45643290
45643290
45643290
45643290
45643290
45643290
45643290
45643290
45643290
45643290
45643290
45643290
45643290
45643290
45643290
45643290
45638136
45638136
45638136
45638136
45638136
45638136
45638136
45638136
45638136
45638136
45638136
45638136
45638136
45638136
45618422
45618422
45618422
45618422
45618422
45618422
45618422
45618422
45618422
45618422
45618422
45618422
45618422
45618422
45618422
45618422
45618422
45618422
45618422
45618422
45618422
45618422
45618422
45618422
45618422
45618422
45618422
45618422
45618422
45618422
45618422
45618422
45618422
45618422
45618422
45618422
45618422
45618422
45618422
45618422
45618422
45618422
45618422
45618422
45618422
45618422
45618422
45618422
45618422
45618422
45618422
45618422
45618422
45618422
45618422
45618422
45618422
45618422
45618422
45618422
45618422
45618422
45618422
45618422
45618422
45618422
45618422
45618422
45618422
45618422
45618422
45618422
45618422
45618422
45618422
45618422
Segundos empleados: 89.2145
