51311948
51009930
50942930
50889352
50685938
50592352
50496226
50459150
50198722
50098562
50032318
49875250
49818874
49716032
49673064
49659184
49584004
49444014
49341792
49291492
49131682
49024482
48952310
48919718
48824132
48589430
48547208
48510474
48480436
48441678
48415938
48348302
48230428
48216136
48103910
48081050
48012620
48012620
47966062
47736012
47637892
47571856
47565958
47404552
47324660
47169892
47169892
46985474
46962396
46887872
46844340
46836156
46755716
46755716
46660952
46656914
46656914
46580096
46480614
46480614
46420872
46408474
46406348
46351130
46140342
46098962
46046862
46037310
46017246
45985854
45973576
45908152
45889014
45889014
45874138
45869700
45835098
45822104
45744900
45694644
45693066
45684138
45651996
45624798
45588918
45577756
45555604
45544236
45539414
45534492
45533532
45530670
45490690
45489484
45463104
45458644
45456884
45446406
45427872
45409432
45402830
45398012
45376618
45357530
45354560
45342604
45331890
45300160
45288254
45272410
45238330
45209044
45208444
45204858
45176924
45162756
45139616
45139616
45067402
45066904
45052392
45008086
45000336
44946190
44944270
44932154
44923726
44919538
44917168
44915758
44915414
44911776
44911776
44911776
44911776
44911776
44911776
44911776
44911776
44911776
44911776
44911776
44911776
44911776
44911776
44911776
44911776
44911776
44911776
44911776
Segundos empleados: 132.141
