50851644
50786278
50751742
50711712
50410908
50356886
50317696
50289254
50253038
50180146
50087254
50029810
49898678
49647228
49557002
49494834
49361510
49313774
49275488
49252976
49223156
49207978
49136054
48961098
48894746
48883412
48806764
48700180
48671156
48504710
48322794
48246530
48190828
48100872
48080742
48019576
47967132
47954310
47954310
47930116
47727712
47620916
47606694
47573066
47556760
47515572
47515572
47410550
47289482
47246906
47222458
47082528
47018164
46942672
46797662
46797662
46797662
46764824
46710940
46704694
46703334
46654048
46613150
46589478
46551394
46551394
46502314
46475054
46384652
46327190
46318186
46278638
46278638
46205788
46141744
46136632
46130510
46101756
46101756
46099596
46086526
46061884
46009286
46009286
45942398
45920084
45917430
45866600
45862378
45852224
45799754
45798236
45774482
45758850
45707700
45693540
45693540
45625088
45580848
45556510
45536438
45510914
45505054
45502186
45496868
45495218
45457656
45450298
45447436
45439306
45423916
45384180
45384180
45348786
45348786
45332516
45314610
45309718
45281738
45277824
45277824
45256464
45253790
45252082
45223768
45196432
45196432
45184920
45184920
45174260
45172342
45130840
45127758
45127500
45105688
45105688
45092090
45083812
45083812
45079716
45031864
45023460
45014766
45005120
44992836
44992326
44986908
44961810
44958656
44940304
Segundos empleados: 98.5581
