51678334
51337518
51080986
51080986
51080874
51080874
50971942
50803580
50754904
50622138
50505774
50447998
50130422
50130422
49974324
49974324
49785716
49785716
49774446
49757386
49616142
49566482
49473344
49473344
49447450
49404446
49404446
49404446
49181042
49181042
49181042
49101708
49053648
48938400
48938400
48938400
48926112
48909138
48717684
48717684
48717684
48689250
48571446
48571446
48555916
48555916
48555916
48517448
48457154
48457154
48289754
48289754
48289754
48289754
48289754
48268386
48268386
48121112
48121112
48096266
47973784
47973784
47973784
47973784
47777852
47777852
47777852
47777852
47704694
47704694
47672620
47672620
47586324
47586324
47511440
47511440
47511440
47511440
47501398
47425340
47404632
47404632
47404632
47404632
47362864
47331514
47331514
47331514
47263968
47263968
47263968
47263968
47263968
47257788
47257788
47257788
47257788
47257788
47257788
47253562
47172476
47172476
47168416
47147274
47147274
47147274
47147274
47147274
47147274
47070998
47070998
47070998
47046512
47008958
47008958
47008958
46993374
46993374
46993374
46993374
46992770
46871890
46871890
46871890
46871890
46804678
46795442
46729100
46729100
46729100
46729100
46729100
46729100
46729100
46607662
46607662
46607662
46607662
46607662
46607662
46607662
46607662
46607662
46586092
46586092
46586092
46586092
46586092
46524790
46524790
46524790
46524790
46524790
46524790
46524790
46524790
46524790
46524790
46524790
46524790
46524790
46522814
46522814
46522814
46522814
46522814
46385690
46385690
46385690
46385690
46385560
46371688
46293416
46293416
46293416
46293416
46293416
46293416
46293416
46293416
46293416
46293416
46293416
46293416
46293416
46293416
46293416
46293416
46293416
46293416
46230156
46230156
46230156
46203224
46203224
46203224
46203224
46203224
46203224
46203224
46203224
46203224
46203224
46203224
46203224
46203224
46203224
46203224
46203224
46203224
46203224
46203224
46203224
46203224
46203224
46203224
46203224
46203224
46203224
46203224
46203224
46203224
46203224
46203224
46203224
46203224
46203224
46203224
46203224
46197178
46197178
46197178
46104276
46104276
46104276
46104276
46104276
46080506
46080506
46080506
46080506
46051924
46023014
46023014
46023014
46023014
46023014
46023014
46023014
46023014
46023014
46023014
46023014
46023014
46023014
46023014
46023014
46023014
46023014
46023014
46023014
46023014
46023014
46023014
46023014
46023014
45944766
45944766
45944766
45944766
45944766
45944766
45928842
45872664
45872664
45872664
45872664
45872664
45872664
45872664
45872664
45872664
45872664
45872664
45872664
45830300
45830300
45830300
45830300
45830300
45830300
45830300
45830300
45830300
45830300
45830300
45830300
45830300
45830300
45830300
45830300
45809134
45809134
45809134
45809134
45809134
45809134
45809134
45809134
45809134
45809134
45809134
45809134
45809134
45809134
45809134
45809134
45809134
45809134
45809134
45809134
45809134
45809134
45809134
45809134
45809134
45809134
45809134
45809134
45809134
45809134
45809134
45809134
45809134
45809134
45809134
45809134
45809134
45809134
45809134
45809134
45809134
45809134
45809134
45809134
45809134
45809134
45809134
45809134
45809134
45809134
45809134
45809134
45809134
45809134
45809134
45809134
45809134
45809134
45809134
45809134
45809134
45809134
45809134
45809134
45809134
45809134
45809134
45809134
45809134
45809134
45809134
45809134
45809134
45809134
45809134
45809134
45809134
45809134
45809134
45809134
45809134
45809134
45809134
45809134
45809134
45809134
45809134
45809134
45809134
45809134
45809134
45809134
45809134
45809134
45809134
45809134
45809134
45809134
45809134
45809134
45809134
45809134
45809134
45809134
45809134
45809134
45809134
45809134
45809134
45809134
45809134
45809134
45809134
45809134
45809134
45809134
45809134
45809134
45809134
45809134
45809134
45809134
45809134
45809134
45809134
45809134
45809134
45809134
45809134
45809134
45809134
45809134
45809134
45809134
45809134
45809134
45809134
45809134
45809134
45809134
45809134
45809134
45809134
45809134
45809134
45809134
45809134
45809134
45809134
45809134
45809134
45809134
45809134
45809134
45809134
45809134
45809134
45809134
45809134
45809134
45809134
45809134
45809134
45774336
45774336
45774336
45774336
45774336
45774336
45774336
45774336
45774336
45774336
45774336
45774336
45774336
45774336
45774336
45774336
45774336
45771200
45771200
45771200
45771200
45771200
45771200
45771200
45771200
45771200
45771200
45771200
45771200
45771200
45771200
45771200
45768740
45768740
45768740
45768740
45768740
45768740
45768740
45768740
45768740
45768740
45768740
45768740
45768740
45768740
45768740
45768740
45768740
45768740
45741724
45741724
45741724
45741724
45741724
45741724
45741724
45741724
45741724
45741724
45741724
45741724
45741724
45741724
45741724
45741724
45741724
45741724
45741724
45741724
45741724
45741724
45741724
45741724
45741724
45741724
45741724
45741724
45741724
45741724
45741724
45741724
45741724
45741724
45741724
45741724
45741724
45741724
45741724
45707660
45614874
45614874
45599176
45599176
45599176
45599176
45599176
45599176
45599176
45599176
45599176
45599176
45599176
45599176
45599176
45599176
45599176
45599176
45599176
45599176
45599176
45599176
45599176
45599176
45599176
45599176
45599176
45599176
45599176
45599176
45599176
45599176
45599176
45599176
45599176
45599176
45599176
45599176
45599176
45599176
45599176
45599176
45599176
45599176
45599176
45599176
45599176
45599176
45599176
45599176
45599176
45599176
45599176
45599176
45599176
45599176
45599176
45599176
45599176
45599176
45599176
45599176
45599176
45599176
45599176
45599176
45599176
45599176
45599176
45599176
45599176
45599176
45599176
45599176
45599176
45599176
45599176
45599176
45599176
45599176
45599176
45599176
45599176
45599176
45599176
45599176
45599176
45599176
45599176
45599176
45599176
45599176
45599176
45599176
45599176
45599176
45599176
45599176
45599176
45599176
45599176
45599176
45599176
45599176
45599176
45599176
45599176
45599176
45599176
45599176
45599176
45599176
45599176
45599176
45599176
45599176
45599176
45599176
45599176
45599176
45599176
45599176
45599176
45599176
45599176
45599176
45599176
45599176
45599176
45599176
45599176
45599176
45599176
45599176
45599176
45599176
45599176
45599176
45599176
45599176
45599176
45599176
45599176
45599176
45599176
45599176
45599176
45599176
45599176
45599176
45599176
45599176
45599176
45599176
45599176
45599176
45599176
45599176
45599176
45599176
45599176
45599176
45599176
45599176
45599176
45599176
45599176
45599176
45599176
45599176
45599176
45599176
45599176
45599176
45599176
45599176
45556392
45556392
45556392
45556392
45556392
45556392
45549030
45549030
45549030
45549030
45543164
45543164
45543164
45543164
45543164
45543164
45543164
45543164
45543164
45543164
45543164
45543164
45543164
45543164
45543164
45543164
45543164
45543164
45543164
45543164
45543164
45543164
45543164
45543164
45543164
45543164
45543164
45543164
45543164
45543164
45543164
45543164
45543164
45543164
45543164
45543164
45543164
45543164
45543164
45543164
45543164
45543164
45543164
45543164
45543164
45543164
45543164
45543164
45543164
45543164
45543164
45543164
45543164
45543164
45543164
45543164
45543164
45543164
45543164
45543164
45521034
45521034
45521034
45521034
45521034
45521034
45521034
45521034
45521034
45521034
45521034
45521034
45521034
45521034
45521034
45521034
45521034
45521034
45521034
45521034
45521034
45521034
45521034
45521034
45521034
45521034
45521034
45521034
45521034
45503594
45503594
45503594
45503594
45503594
45503594
45503594
45503594
45503594
45457042
45457042
45457042
45457042
45457042
45457042
45457042
45457042
45457042
45457042
45457042
45457042
45457042
45457042
45457042
45457042
45457042
45457042
45457042
45457042
45457042
45457042
45457042
45457042
45457042
45457042
45457042
45457042
45457042
45457042
45457042
45457042
45457042
45457042
45457042
45457042
45457042
45457042
45457042
45457042
45457042
45457042
45441598
45441598
45441598
45441598
45441598
45441598
45441598
45441598
45441598
45441598
45441598
45441598
45441598
45441598
45441598
45441598
45441598
45441598
45441598
45441598
45441598
45441598
45441598
45441598
45441598
45441598
45441598
45441598
45441598
45441598
45441598
45441598
45441598
45441598
45441598
45441598
45441598
45441598
45441598
45441598
45441598
45426214
45426214
45426214
45426214
45426214
45426214
45426214
45426214
45426214
45426214
45426214
45426214
45426214
45426214
45426214
45426214
45426214
45426214
45426214
45426214
45426214
45426214
45426214
45426214
45426214
45426214
45426214
45426214
45426214
45426214
45426214
45426214
45426214
45426214
45426214
45426214
45426214
45426214
45426214
45426214
45426214
45426214
45426214
45426214
45426214
45426214
45426214
45426214
45426214
45426214
45426214
45426214
45426214
45426214
45426214
45426214
45426214
45426214
45426214
45426214
45426214
45426214
45426214
45426214
45426214
45426214
45426214
45426214
45426214
45426214
45426214
45426214
45426214
45426214
45426214
45426214
45426214
45426214
45426214
45426214
45426214
45416858
45416858
45416858
45416858
45416858
45416858
45416858
45416858
45416858
45416858
45416858
45416858
45416858
45416858
45416858
45416858
45416858
45416858
45416858
45416858
45416858
45416858
45416858
45416858
45416858
45416858
45416858
45416858
45416858
45416858
45416858
45416858
45416858
45416858
45416858
45416858
45416858
45416858
45416858
45416858
45416858
45416858
45416858
45416858
45416858
45416858
45416858
45416858
45416858
45416858
45416858
45416858
45416858
45416858
45416858
45416858
45416858
45416858
45416858
45416858
45416858
45416858
45416858
45416858
45416858
45416858
45416858
45416858
45416858
45416858
45416858
45416858
45416858
45416858
45416858
45416858
45416858
45416858
45416858
45416858
45416858
45416858
45416858
45416858
45416858
45416858
45416858
45416858
45416858
45416858
45416858
45416858
45416858
45408328
45408328
45408328
45408328
45408328
45408328
45408328
45408328
45408328
45408328
45408328
45408328
45408328
45408328
45408328
45408328
45408328
45408328
45408328
45408328
45408328
45408328
45408328
45408328
45408328
45408328
45408328
45408328
45408328
45408328
45408328
45408328
45408328
45408328
45408328
45408328
45408328
45408328
45408328
45408328
45408328
45408328
45408328
45408328
45408328
45408328
45408328
45408328
45408328
45408328
45408328
45408328
45408328
45408328
45408328
45408328
45408328
45408328
45408328
45408328
45408328
45408328
45408328
45408328
45408328
45408328
45408328
45408328
45408328
45408328
45408328
45408328
45408328
45408328
45408328
45408328
45408328
45408328
45408328
45408328
45408328
45408328
45408328
45408328
45408328
45408328
45408328
45408328
45408328
45408328
45408328
45408328
45408328
45408328
45408328
45408328
45408328
45408328
45408328
45408328
45408328
45408328
45408328
45408328
45408328
45408328
45408328
45408328
45408328
45408328
45408328
45408328
45408328
45408328
45408328
45408328
45408328
45408328
45408328
45408328
45408328
45408328
45408328
45408328
45408328
45408328
45408328
45408328
45408328
45408328
45408328
45408328
45408328
45408328
45408328
45408328
45408328
45408328
45408328
45408328
45408328
45408328
45408328
45408328
45408328
45408328
45408328
45408328
45408328
45408328
45408328
45408328
45408328
45408328
45408328
45408328
45408328
45408328
45408328
45408328
45408328
45408328
45408328
45408328
45408328
45408328
45408328
45408328
45408328
45408328
45408328
45408328
45408328
45408328
45408328
45408328
45408328
45408328
45408328
45408328
45408328
45408328
45408328
45408328
45408328
45408328
45408328
45408328
45408328
45408328
45408328
45408328
45408328
45408328
45408328
45408328
45408328
45408328
45408328
45408328
45408328
45408328
45408328
45408328
45408328
45408328
45408328
45408328
45408328
45408328
45408328
45408328
45408328
45408328
45408328
45408328
45408328
45408328
45408328
45408328
45408328
45408328
45408328
45408328
45408328
45408328
45408328
45408328
45408328
45408328
45408328
45408328
45408328
45408328
45400888
45400888
45400888
45400888
45400888
45400888
45400888
45400888
45400888
45400888
45400888
45400888
45400888
45400888
45400888
45400888
45400888
45400888
45400888
45400888
45400888
45400888
45400888
45400888
45400888
45400888
45400888
45400888
45400888
45400888
45400888
45400888
45400888
45400888
45400888
45400888
45400888
45400888
45400888
45400888
45400888
45400888
45400888
45400888
45400888
45400888
45400888
45400888
45400888
45400888
45400888
45400888
45400888
45400888
45400888
45400888
45400888
45400888
45400888
45400888
45400888
45400888
45400888
45400888
45400888
45400888
45400888
45400888
45400888
45400888
45400888
45400888
45400888
45400888
45400888
45400888
45400888
45400888
45400888
45400888
45400888
45400888
45400888
45400888
45400888
45400888
45400888
45400888
45400888
45400888
45400888
45400888
45400888
45400888
45400888
45400888
45400888
45400888
45400888
45400888
45400888
45400888
45400888
45400888
45400888
45400888
45400888
45400888
45400888
45400888
45400888
45400888
45400888
45400888
45400888
45400888
45400888
45400888
45400888
45400888
45400888
45400888
45400888
45400888
45400888
45400888
45400888
45400888
45400888
45400888
45400888
45400888
45400888
45400888
45400888
45400888
45395036
45395036
45395036
45395036
45395036
45395036
45395036
45395036
45395036
45395036
45395036
45395036
45395036
45395036
45395036
45395036
45395036
45395036
45395036
45395036
45395036
45395036
45395036
45395036
45389666
45389666
45389666
45389666
45389666
45389666
45389666
45389666
45389666
45389666
45389666
45389666
45389666
45389666
45389666
45389666
45389666
45389666
45389666
45389666
45389666
45389666
45389666
45389666
45389666
45389666
45389666
45389666
45389666
45389666
45389666
45389666
45389666
45389666
45389666
45389666
45389666
45340396
45340396
45340396
45340396
45340396
45340396
45340396
45340396
45340396
45340396
45340396
45340396
45340396
45340396
45340396
45340396
45340396
45340396
45340396
45340396
45340396
45340396
45340396
45340396
45340396
45340396
45340396
45340396
45340396
45340396
45340396
45340396
45340396
45340396
45340396
45340396
45340396
45340396
45340396
45340396
45340396
45340396
45340396
45340396
45340396
45340396
45340396
45340396
45340396
45340396
45340396
45340396
45340396
45340396
45340396
45340396
45340396
45340396
45340396
45340396
45340396
45340396
45340396
45340396
45340396
45340396
45340396
45340396
45340396
45340396
45340396
45340396
45340396
45340396
45340396
45340396
45340396
45340396
45340396
45340396
45340396
45340396
45340396
45340396
45340396
45340396
45340396
45340396
45340396
45340396
45340396
45340396
45340396
45340396
45340396
45340396
45340396
45340396
45340396
45340396
45340396
45340396
45340396
45340396
45340396
45340396
45340396
45340396
45340396
45340396
45340396
45340396
45340396
45340396
45340396
45340396
45340396
45340396
45340396
45340396
45340396
45340396
45340396
45340396
45340396
45340396
45340396
45340396
45340396
45340396
45340396
45340396
45340396
45340396
45340396
45340396
45340396
45340396
45340396
45340396
45340396
45340396
45340396
45340396
45340396
45340396
45340396
45340396
45340396
45340396
45340396
45340396
45340396
45340396
45340396
45340396
45340396
45340396
45340396
45340396
45340396
45340396
45340396
45340396
45340396
45340396
45340396
45340396
45340396
45340396
45340396
45340396
45340396
45340396
45340396
45340396
45340396
45340396
45340396
45340396
45340396
45340396
45340396
45340396
45340396
45340396
45340396
45340396
45340396
45340396
45340396
45340396
45340396
45340396
45340396
45340396
45340396
45340396
45340396
45340396
45340396
45340396
45340396
45340396
45340396
45340396
45340396
45340396
45340396
45340396
45340396
45340396
45340396
45340396
45340396
45340396
45340396
45340396
45340396
45340396
45340396
45340396
45340396
45340396
45340396
45340396
45340396
45340396
45340396
45340396
45340396
45340396
45340396
45340396
45340396
45340396
45340396
45340396
45340396
45340396
45340396
45340396
45340396
45340396
45340396
45340396
45340396
45340396
45340396
45340396
45340396
45340396
45340396
45340396
45340396
45340396
45340396
45340396
45340396
45340396
45340396
45340396
45340396
45340396
45340396
45340396
45340396
45340396
45340396
45340396
45340396
45340396
45340396
45340396
45340396
45340396
45340396
45340396
45340396
45340396
45340396
45340396
45340396
45340396
45340396
45340396
45340396
45340396
45340396
45340396
45340396
45340396
45340396
45340396
45340396
45340396
45340396
45340396
45340396
45340396
45340396
45340396
45340396
45340396
45340396
45340396
45340396
45340396
45340396
45340396
45340396
45340396
45340396
45340396
45340396
45340396
45340396
45340396
45340396
45340396
45340396
45340396
45340396
45340396
45340396
45340396
45340396
45340396
45340396
45340396
45340396
45340396
45340396
45340396
45340396
45340396
45340396
45340396
45340396
45340396
45340396
45340396
45340396
45340396
45340396
45340396
45340396
45340396
45340396
45340396
45340396
45340396
45340396
45340396
45340396
45340396
45340396
45296278
45296278
45296278
45296278
45296278
45296278
45296278
45296278
45296278
45296278
45296278
45296278
45296278
45296278
45296278
45296278
45296278
45296278
45296278
45296278
45296278
45296278
45296278
45296278
45296278
45296278
45296278
45296278
45296278
45296278
45296278
45296278
45296278
45296278
45296278
45296278
45296278
45296278
45296278
45296278
45296278
45296278
45296278
45296278
45296278
45296278
45296278
45296278
45296278
45296278
45296278
45296278
45296278
45296278
45296278
45296278
45296278
45296278
45296278
45296278
45296278
45296278
45296278
45296278
45296278
45296278
45296278
45296278
45296278
45296278
45296278
45296278
45296278
45296278
45296278
45296278
45296278
45296278
45296278
45296278
45296278
45296278
45296278
45296278
45296278
45296278
45296278
45296278
45296278
45296278
45296278
45296278
45296278
45296278
45296278
45296278
45296278
45296278
45296278
45296278
45296278
45296278
45296278
45296278
45296278
45296278
45296278
45296278
45296278
45278166
45278166
45278166
45278166
45278166
45278166
45278166
45278166
Segundos empleados: 87.7938
