23822930
23774310
23731520
23731520
23731520
23731520
23682544
23682544
23558264
23558264
23558264
23558264
23558264
23558264
23558264
23558264
23558264
23558264
23558264
23558264
23558264
23558264
23558264
23500442
23500442
23500442
23500442
23500442
23500442
23500442
23500442
23500442
23496950
23496950
23496950
23482282
23482282
23482282
23482282
23482282
23479696
23479696
23479696
23470856
23470856
23470856
23470856
23470856
23470856
23470856
23470856
23470856
23470856
23470856
23470856
23470856
23470856
23470856
23470856
23470856
23470856
23470856
23463832
23463832
23463832
23463832
23451162
23451162
23451162
23451162
23451162
23451162
23451162
23451162
23451162
23451162
23451162
23451162
23451162
23451162
23451162
23451162
23451162
23451162
23451162
23451162
23451162
23451162
23451162
23451162
23451162
23451162
23451162
23451162
23451162
23451162
23451162
23451162
23451162
23451162
23451162
23451162
23451162
23451162
23451162
23451162
23451162
23451162
23451162
23451162
23451162
23451162
23451162
23451162
23451162
23451162
23297724
23297724
23297724
23297724
23297724
23297724
23297724
23297724
23297724
23297724
23297724
23297724
23297724
23297724
23297724
23297724
23297724
23297724
23297724
23297724
23297724
23297724
23297724
23297724
23297724
23297724
23297724
23297724
23297724
23297724
23297724
23297724
23297724
23297724
23297724
23297724
23297724
23297724
23297724
23297724
23297724
23297724
23297724
23297724
23297724
23297724
23297724
23297724
23297724
23297724
23297724
23297724
23297724
23297724
23297724
23288138
23283530
23275232
23266478
23246160
23246160
23240652
23240652
23224750
23214828
23178012
23176088
23144728
23144728
23114254
23114254
23091308
23091308
23091308
23091308
23091308
23091308
23091308
23091308
23091308
23091308
23091308
23091308
23091308
23091308
23091308
23091308
23091308
23091308
23091308
23091308
23091308
23091308
23091308
23091308
23091308
23091308
23091308
23091308
23091308
23091308
23091308
23091308
23091308
23091308
23091308
23091308
23091308
23091308
23091308
23091308
23091308
23091308
23091308
23091308
23091308
23091308
23091308
23091308
23091308
23091308
23091308
23091308
23091308
23091308
23091308
23091308
23091308
23091308
23091308
23091308
23091308
23091308
23091308
23091308
23091308
23091308
23091308
23091308
23091308
23091308
23091308
23091308
23091308
23091308
23091308
23091308
23091308
23091308
23091308
23091308
23091308
23091308
23091308
23091308
23091308
23091308
23091308
23091308
23091308
23091308
23091308
23091308
23091308
23091308
23091308
23091308
23091308
23091308
23091308
23091308
23091308
23091308
23091308
23091308
23091308
23091308
23091308
23091308
23091308
23091308
23091308
23091308
23091308
23091308
23091308
23091308
23091308
23091308
23091308
23091308
23091308
23077152
23051902
23051902
23051902
23051902
23051902
23051902
23051902
23051902
23051902
23051902
23051902
23051902
23051902
23051902
23051902
23051902
23051902
23051902
23051902
23051902
23051902
23051902
23051902
23051902
23051902
23051902
23051902
23051902
23051902
23051902
23051902
23051902
23051902
23051902
23051902
23051902
23051902
23051902
23051902
23051902
23051902
23051902
23051902
23051902
23051902
23051902
23051902
23051902
23051902
23051902
23051902
23051902
23051902
23051902
23051902
23051902
23051902
23051902
23051902
23051902
23051902
23051902
23051902
23051902
23051902
23051902
23051902
23051902
23051902
23051902
23051902
23051902
23051902
23051902
23051902
23051902
23051902
23051902
23051902
23051902
23051902
23051902
23051902
23051902
23051902
23051902
23051902
23051902
23051902
23051902
23051902
23051902
23051902
23051902
23051902
23051902
23051902
23051902
23051902
23051902
23051902
23051902
23051902
23051902
23051902
23051902
23051902
23051902
23051902
23051902
23051902
23051902
23051902
23051902
23051902
23051902
23051902
23051902
23051902
23051902
23051902
23051902
23051902
23051902
23051902
23051902
23051902
23051902
23051902
23051902
23051902
23051902
23051902
23051902
23051902
23051902
23051902
23051902
23051902
23051902
23051902
23051902
23051902
23051902
23051902
23051902
23051902
23051902
23051902
23051902
23051902
23051902
23051902
23051902
23051902
23051902
23051902
23051902
23051902
23051902
23051902
23051902
23051902
23051902
23051902
23051902
23051902
23051902
23051902
23051902
23051902
23051902
23051902
23051902
23051902
23051902
23051902
23051902
23051902
23051902
23051902
23051902
23051902
23051902
23051902
23051902
23051902
23051902
23051902
23051902
23051902
Segundos empleados: 2.4064
