52048840
51650614
51398490
51398490
51398490
51057662
51057662
51057662
51057662
50902710
50773770
50505496
50475768
50395046
50252232
50064842
50064842
50007422
50001998
49749274
49719856
49708714
49620874
49328340
49283138
49169788
48828258
48798736
48761500
48750414
48430992
48430992
48430992
48430992
48314740
48191166
48016822
47883572
47858896
47782516
47661802
47504240
47428286
47392844
47341566
47217534
47110942
47053414
46969520
46969520
46805680
46805680
46805680
46751068
46751068
46750846
46727938
46595822
46593688
46516160
46429916
46416434
46388504
46373620
46372080
46366842
46321338
46273328
46212554
46120332
46120332
46113114
46050022
46046418
46028200
46028200
45986884
45974686
45927816
45917344
45907734
45890594
45802136
45771538
45768230
45745222
45705634
45661870
45645394
45636698
45620370
45573388
45573388
45564180
45546340
45527568
45516354
45504922
45495476
45470660
45448480
45435542
45408560
45401748
45388324
45386456
45371522
45371522
45358606
45325804
45325804
45301158
45300500
45282016
45273014
45235244
45227024
45177382
45176556
45170622
45159918
45148448
45147586
45129200
45097832
45097026
45072244
45057512
45056566
45038424
45021106
45002652
44954926
44943834
44943834
44943834
44943834
44943834
44943834
44943834
44943834
44943834
44943834
44943834
44943834
44943834
44943834
44943834
44943834
44943834
Segundos empleados: 102.3254
