23833934
23717868
23717868
23717868
23717868
23717868
23636030
23636030
23616676
23616676
23616676
23584884
23584884
23584884
23584884
23584884
23584884
23584884
23584884
23584884
23584884
23584884
23584884
23547032
23547032
23547032
23547032
23546752
23546752
23546752
23546752
23546752
23546752
23546752
23546752
23546752
23546752
23546752
23546752
23546752
23546752
23546752
23546752
23546752
23546752
23546752
23546752
23546752
23546752
23546752
23546752
23546752
23546752
23546752
23546752
23546752
23546752
23546752
23546752
23546752
23546752
23546752
23546752
23546752
23546752
23546752
23546752
23546752
23546752
23546752
23546752
23546752
23546752
23546752
23546752
23546752
23546752
23546752
23546752
23546752
23546752
23546752
23546752
23546752
23546752
23546752
23546752
23546752
23546752
23546752
23546752
23546752
23546752
23546752
23546752
23546752
23546752
23546752
23546752
23546752
23546752
23546752
23546752
23546752
23546752
23546752
23546752
23546752
23546752
23546752
23546752
23546752
23546752
23546752
23546752
23546752
23546752
23546752
23546752
23546752
23546752
23546752
23546752
23546752
23546752
23546752
23546752
23546752
23546752
23546752
23546752
23546752
23546752
23546752
23546752
23546752
23546752
23546752
23546752
23546752
23546752
23546752
23546752
23546752
23546752
23546752
23546752
23546752
23546752
23546752
23546752
23546752
23546752
23546752
23546752
23546752
23546752
23546752
23546752
23546752
23546752
23546752
23546752
23546752
23546752
23546752
23546752
23546752
23546752
23546752
23546752
23546752
23546752
23546752
23546752
23546752
23546752
23546752
23546752
23546752
23546752
23546752
23546752
23546752
23546752
23546752
23546752
23546752
23546752
23546752
23546752
23546752
23546752
23546752
23546752
23546752
23539458
23539458
23539458
23539458
23539458
23539458
23539458
23539458
23539458
23539458
23539458
23539458
23539458
23539458
23539458
23539458
23539458
23539458
23539458
23539458
23539458
23539458
23539458
23539458
23539458
23539458
23539458
23539458
23539458
23539458
23539458
23539458
23539458
23539458
23539458
23539458
23539458
23539458
23539458
23539458
23539458
23539458
23539458
23539458
23539458
23539458
23539458
23539458
23539458
23539458
23539458
23539458
23539458
23539458
23539458
23539458
23539458
23539458
23539458
23539458
23539458
23539458
23539458
23539458
23539458
23539458
23539458
23539458
23539458
23539458
23539458
23539458
23539458
23539458
23539458
23539458
23539458
23539458
23539458
23539458
23539458
23539458
23539458
23539458
23539458
23539458
23539458
23539458
23539458
23539458
23539458
23539458
23539458
23539458
23539458
23539458
23539458
23539458
23539458
23539458
23539458
23539458
23539458
23539458
23539458
23539458
23539458
23539458
23539458
23539458
23539458
23539458
23539458
23539458
23539458
23539458
23539458
23539458
23539458
23539458
23539458
23539458
23539458
23537330
23537330
23537330
23537330
23537330
23537330
23474270
23441724
23441724
23441724
23441724
23441724
23441724
23441724
23441724
23441724
23441724
23441724
23441724
23441724
23441724
23441724
23441724
23441724
23441724
23441724
23441724
23441724
23441724
23441724
23441724
23441724
23441724
23441724
23441724
23441724
23441724
23441724
23441724
23441724
23441724
23441724
23441724
23441724
23441724
23441724
23441724
23441724
23441724
23441724
23441724
23441724
23441724
23441724
23441724
23441724
23441724
23441724
23441724
23441724
23441724
23441724
23441724
23441724
23441724
23441724
23441724
23441724
23441724
23441724
23441724
23441724
23441724
23441724
23441724
23441724
23441724
23441724
23441724
23441724
23441724
23441724
23441724
23441724
23441724
23441724
23441724
23441724
23441724
23441724
23441724
23441724
23441724
23441724
23441724
23441724
23441724
23441724
23441724
23441724
23441724
23441724
23441724
23441724
23441724
23441724
23441724
23441724
23441724
23441724
23441724
23441724
23441724
23441724
23441724
23441724
23441724
23441724
23441724
23441724
23441724
23441724
23441724
23441724
23441724
23441724
23441724
23441724
23441724
23441724
23441724
23441724
23441724
23441724
23441724
23441724
23441724
23441724
23441724
23441724
23441724
23441724
23441724
23441724
23441724
23441724
23441724
23441724
23441724
23441724
23441724
23441724
23441724
23441724
23441724
23441724
23441724
23441724
23441724
23441724
23441724
23441724
23441724
23441724
23441724
23441724
23441724
23441724
23441724
23441724
23441724
23441724
23441724
23441724
23441724
23441724
23441724
23441724
23441724
23441724
23441724
Segundos empleados: 2.12034
